address;Time(s);ax(g);ay(g);az(g);wx(deg/s);wy(deg/s);wz(deg/s);AngleX(deg);AngleY(deg);AngleZ(deg);T(°);hx;hy;hz;q0;q1;q2;q3 
['0.1'];0.1;0.1;0.1;0.05;0.1;0.1;0.1;0.1;0.1;0.1;0.1;0.1;0.1;0.1;0.1;0.1;0.1;0.1
['0x50'];57133.757;0.0000;0.0000;0.9995;0.0000;0.0000;0.0000;0.0000;-0.0055;112.4286;0.0000;0;0;0;0.00000;0.00000;0.00000;0.00000 
['0x50'];57133.865;0.0005;0.0000;0.9995;0.0000;0.0000;0.0000;0.0000;-0.0055;112.4286;0.0000;0;0;0;0.00000;0.00000;0.00000;0.00000 
['0x50'];57133.95;0.0005;0.0000;0.9995;0.0000;0.0000;0.0000;0.0000;-0.0055;112.4231;0.0000;0;0;0;0.00000;0.00000;0.00000;0.00000 
['0x50'];57134.067;0.0005;0.0000;0.9990;0.0000;0.0000;0.0000;0.0000;-0.0055;112.4231;0.0000;0;0;0;0.00000;0.00000;0.00000;0.00000 
['0x50'];57134.148;0.0000;0.0000;1.0000;0.0000;0.0000;0.0000;0.0000;-0.0055;112.4286;0.0000;0;0;0;0.00000;0.00000;0.00000;0.00000 
['0x50'];57134.266;0.0000;0.0000;0.9995;0.0000;0.0000;0.0000;0.0000;-0.0055;112.4286;0.0000;0;0;0;0.00000;0.00000;0.00000;0.00000 
['0x50'];57134.346;0.0000;0.0000;0.9995;0.0000;0.0000;0.0000;0.0000;-0.0055;112.4286;0.0000;0;0;0;0.00000;0.00000;0.00000;0.00000 
['0x50'];57134.445;0.0000;-0.0005;0.9995;0.0000;0.0000;0.0000;0.0000;-0.0055;112.4286;0.0000;0;0;0;0.00000;0.00000;0.00000;0.00000 
['0x50'];57134.544;0.0000;0.0000;0.9995;0.0000;0.0000;0.0000;0.0000;-0.0055;112.4286;0.0000;0;0;0;0.00000;0.00000;0.00000;0.00000 
['0x50'];57134.642;0.0000;0.0000;0.9995;0.0000;0.0000;0.0000;0.0000;-0.0055;112.4286;0.0000;0;0;0;0.00000;0.00000;0.00000;0.00000 
['0x50'];57134.741;0.0000;0.0000;0.9995;0.0000;0.0000;0.0000;0.0000;-0.0055;112.4231;0.0000;0;0;0;0.00000;0.00000;0.00000;0.00000 
['0x50'];57134.84;0.0000;-0.0005;1.0000;0.0000;0.0000;0.0000;0.0000;-0.0055;112.4231;0.0000;0;0;0;0.00000;0.00000;0.00000;0.00000 
['0x50'];57134.938;0.0000;0.0005;0.9995;0.0000;0.0000;0.0000;0.0000;-0.0055;112.4231;0.0000;0;0;0;0.00000;0.00000;0.00000;0.00000 
['0x50'];57135.037;0.0005;0.0000;0.9990;0.0000;0.0000;0.0000;0.0000;-0.0055;112.4231;0.0000;0;0;0;0.00000;0.00000;0.00000;0.00000 
['0x50'];57135.136;0.0005;-0.0005;1.0000;0.0000;0.0000;0.0000;0.0000;-0.0055;112.4231;0.0000;0;0;0;0.00000;0.00000;0.00000;0.00000 
['0x50'];57135.234;0.0000;0.0000;0.9995;0.0000;0.0000;0.0000;0.0000;-0.0055;112.4286;0.0000;0;0;0;0.00000;0.00000;0.00000;0.00000 
['0x50'];57135.334;0.0000;0.0000;1.0000;0.0000;0.0000;0.0000;0.0000;-0.0055;112.4286;0.0000;0;0;0;0.00000;0.00000;0.00000;0.00000 
['0x50'];57135.432;0.0000;0.0000;0.9995;0.0000;0.0000;0.0000;0.0000;-0.0055;112.4286;0.0000;0;0;0;0.00000;0.00000;0.00000;0.00000 
['0x50'];57135.538;0.0000;0.0000;0.9990;0.0000;0.0000;0.0000;0.0000;-0.0055;112.4341;0.0000;0;0;0;0.00000;0.00000;0.00000;0.00000 
['0x50'];57135.63;0.0000;0.0000;1.0005;0.0000;0.0000;0.0000;0.0000;-0.0055;112.4341;0.0000;0;0;0;0.00000;0.00000;0.00000;0.00000 
['0x50'];57135.729;0.0000;0.0000;1.0000;0.0000;0.0000;0.0000;0.0000;-0.0055;112.4341;0.0000;0;0;0;0.00000;0.00000;0.00000;0.00000 
['0x50'];57135.828;0.0005;0.0005;0.9995;0.0000;0.0000;0.0000;0.0000;-0.0055;112.4341;0.0000;0;0;0;0.00000;0.00000;0.00000;0.00000 
['0x50'];57135.95;0.0000;0.0005;0.9990;0.0000;0.0000;0.0000;0.0000;-0.0055;112.4341;0.0000;0;0;0;0.00000;0.00000;0.00000;0.00000 
['0x50'];57136.025;0.0000;0.0000;0.9990;0.0000;0.0000;0.0000;0.0000;-0.0055;112.4341;0.0000;0;0;0;0.00000;0.00000;0.00000;0.00000 
['0x50'];57136.123;0.0000;0.0000;0.9985;0.0000;0.0000;0.0000;0.0000;-0.0055;112.4286;0.0000;0;0;0;0.00000;0.00000;0.00000;0.00000 
['0x50'];57136.223;0.0000;0.0000;1.0005;0.0000;0.0000;0.0000;0.0000;-0.0055;112.4286;0.0000;0;0;0;0.00000;0.00000;0.00000;0.00000 
['0x50'];57136.322;0.0000;0.0000;0.9995;0.0000;0.0000;0.0000;0.0000;-0.0055;112.4231;0.0000;0;0;0;0.00000;0.00000;0.00000;0.00000 
['0x50'];57136.421;0.0000;0.0005;0.9995;0.0000;0.0000;0.0000;0.0000;-0.0055;112.4231;0.0000;0;0;0;0.00000;0.00000;0.00000;0.00000 
['0x50'];57136.519;0.0000;0.0005;1.0005;0.0000;0.0000;0.0000;0.0000;-0.0055;112.4231;0.0000;0;0;0;0.00000;0.00000;0.00000;0.00000 
['0x50'];57136.619;0.0000;0.0000;0.9995;0.0000;0.0000;0.0000;0.0000;-0.0055;112.4286;0.0000;0;0;0;0.00000;0.00000;0.00000;0.00000 
['0x50'];57136.717;0.0010;0.0029;0.9980;0.0000;0.0000;0.0000;0.0000;-0.0055;112.4286;0.0000;0;0;0;0.00000;0.00000;0.00000;0.00000 
['0x50'];57136.816;0.0020;-0.0005;1.0020;0.0000;0.0000;0.0000;0.0055;0.0000;112.4286;0.0000;0;0;0;0.00000;0.00000;0.00000;0.00000 
['0x50'];57136.922;0.0015;0.0000;1.0010;0.0000;0.0000;0.0000;0.0000;-0.0055;112.4286;0.0000;0;0;0;0.00000;0.00000;0.00000;0.00000 
['0x50'];57137.013;-0.0010;0.0000;0.9995;0.0000;0.0000;0.0000;0.0000;-0.0055;112.4341;0.0000;0;0;0;0.00000;0.00000;0.00000;0.00000 
['0x50'];57137.122;0.0005;0.0000;1.0005;0.0000;0.0000;0.0000;0.0000;-0.0055;112.4341;0.0000;0;0;0;0.00000;0.00000;0.00000;0.00000 
['0x50'];57137.21;0.0010;0.0000;1.0000;0.0000;0.0000;0.0000;0.0000;-0.0055;112.4396;0.0000;0;0;0;0.00000;0.00000;0.00000;0.00000 
['0x50'];57137.323;0.0000;-0.0015;1.0000;0.0000;0.0000;0.0000;0.0000;-0.0055;112.4396;0.0000;0;0;0;0.00000;0.00000;0.00000;0.00000 
['0x50'];57137.408;0.0000;0.0000;0.9995;0.0000;0.0000;0.0000;0.0000;-0.0055;112.4396;0.0000;0;0;0;0.00000;0.00000;0.00000;0.00000 
['0x50'];57137.526;0.0005;0.0000;1.0000;0.0000;0.0000;0.0000;0.0000;-0.0055;112.4396;0.0000;0;0;0;0.00000;0.00000;0.00000;0.00000 
['0x50'];57137.606;0.0000;0.0000;1.0010;0.0000;0.0000;0.0000;0.0000;-0.0055;112.4451;0.0000;0;0;0;0.00000;0.00000;0.00000;0.00000 
['0x50'];57137.705;0.0000;0.0000;0.9995;0.0000;0.0000;0.0000;0.0000;-0.0055;112.4451;0.0000;0;0;0;0.00000;0.00000;0.00000;0.00000 
['0x50'];57137.804;-0.0005;0.0000;0.9980;0.0000;0.0000;0.0000;0.0000;-0.0055;112.4451;0.0000;0;0;0;0.00000;0.00000;0.00000;0.00000 
['0x50'];57137.902;0.0005;-0.0005;0.9868;0.0000;0.0000;0.0000;0.0000;-0.0055;112.4451;0.0000;0;0;0;0.00000;0.00000;0.00000;0.00000 
['0x50'];57138.001;0.0005;0.0005;0.9751;0.0000;0.0000;0.0000;0.0000;-0.0055;112.4396;0.0000;0;0;0;0.00000;0.00000;0.00000;0.00000 
['0x50'];57138.1;0.0005;0.0000;0.9673;0.0000;0.0000;0.0000;0.0000;-0.0055;112.4396;0.0000;0;0;0;0.00000;0.00000;0.00000;0.00000 
['0x50'];57138.198;0.0000;0.0000;0.9521;0.0000;0.0000;0.0000;0.0000;-0.0055;112.4396;0.0000;0;0;0;0.00000;0.00000;0.00000;0.00000 
['0x50'];57138.297;0.0000;-0.0005;0.9438;0.0000;0.0000;0.0000;0.0000;-0.0055;112.4506;0.0000;0;0;0;0.00000;0.00000;0.00000;0.00000 
['0x50'];57138.395;0.0000;-0.0005;0.9277;0.0000;0.0000;0.0000;0.0000;-0.0055;112.4561;0.0000;0;0;0;0.00000;0.00000;0.00000;0.00000 
['0x50'];57138.496;0.0000;0.0000;0.9365;0.0000;0.0000;0.0000;0.0000;-0.0055;112.4615;0.0000;0;0;0;0.00000;0.00000;0.00000;0.00000 
['0x50'];57138.593;-0.0005;-0.0010;0.9312;0.0000;0.0000;0.0000;0.0000;-0.0055;112.4725;0.0000;0;0;0;0.00000;0.00000;0.00000;0.00000 
['0x50'];57138.693;0.0005;0.0000;0.9351;0.0000;0.0000;0.0000;0.0000;-0.0055;112.4890;0.0000;0;0;0;0.00000;0.00000;0.00000;0.00000 
['0x50'];57138.791;0.0020;0.0005;0.9224;0.0000;0.0000;0.0000;0.0000;-0.0110;112.5000;0.0000;0;0;0;0.00000;0.00000;0.00000;0.00000 
['0x50'];57138.891;-0.0005;0.0005;0.9316;0.0000;0.0000;0.0000;0.0000;-0.0110;112.5110;0.0000;0;0;0;0.00000;0.00000;0.00000;0.00000 
['0x50'];57138.989;0.0000;-0.0010;0.9321;0.0000;0.0000;0.0000;0.0000;-0.0110;112.5165;0.0000;0;0;0;0.00000;0.00000;0.00000;0.00000 
['0x50'];57139.087;0.0010;0.0005;0.9292;0.0000;0.0000;0.0000;0.0000;-0.0110;112.5165;0.0000;0;0;0;0.00000;0.00000;0.00000;0.00000 
['0x50'];57139.186;0.0000;-0.0005;0.9297;0.0000;0.0000;0.0000;0.0000;-0.0110;112.5000;0.0000;0;0;0;0.00000;0.00000;0.00000;0.00000 
['0x50'];57139.285;0.0000;-0.0015;0.9385;0.0000;0.0000;0.0000;0.0000;-0.0110;112.4615;0.0000;0;0;0;0.00000;0.00000;0.00000;0.00000 
['0x50'];57139.384;0.0010;0.0000;0.9458;0.0000;0.0000;0.0000;0.0000;-0.0110;112.4011;0.0000;0;0;0;0.00000;0.00000;0.00000;0.00000 
['0x50'];57139.482;0.0020;0.0088;0.9541;0.0000;0.0000;0.0000;0.0055;-0.0110;112.3187;0.0000;0;0;0;0.00000;0.00000;0.00000;0.00000 
['0x50'];57139.617;-0.0020;-0.0054;0.9688;0.0000;0.0000;0.0000;0.0000;-0.0055;112.2308;0.0000;0;0;0;0.00000;0.00000;0.00000;0.00000 
['0x50'];57139.68;-0.0010;-0.0005;0.9775;0.0000;0.0000;0.0000;0.0055;-0.0165;112.1045;0.0000;0;0;0;0.00000;0.00000;0.00000;0.00000 
['0x50'];57139.779;-0.0020;-0.0015;0.9932;0.0000;0.0000;0.0000;0.0000;-0.0110;111.9781;0.0000;0;0;0;0.00000;0.00000;0.00000;0.00000 
['0x50'];57139.877;0.0000;-0.0029;1.0015;0.0000;0.0000;0.0000;0.0000;-0.0110;111.8353;0.0000;0;0;0;0.00000;0.00000;0.00000;0.00000 
['0x50'];57139.976;0.0010;0.0015;1.0024;0.0000;0.0000;0.0000;0.0000;-0.0055;111.6760;0.0000;0;0;0;0.00000;0.00000;0.00000;0.00000 
['0x50'];57140.075;0.0000;0.0000;0.9966;0.0000;0.0000;0.0000;0.0000;-0.0055;111.5057;0.0000;0;0;0;0.00000;0.00000;0.00000;0.00000 
['0x50'];57140.181;0.0015;0.0015;1.0024;0.0000;0.0000;0.0000;0.0000;-0.0055;111.3135;0.0000;0;0;0;0.00000;0.00000;0.00000;0.00000 
['0x50'];57140.273;-0.0010;-0.0024;0.9946;0.0000;0.0000;0.0000;0.0000;-0.0055;111.1157;0.0000;0;0;0;0.00000;0.00000;0.00000;0.00000 
['0x50'];57140.38;0.0000;0.0005;1.0049;0.0000;0.0000;0.0000;0.0000;-0.0055;110.9235;0.0000;0;0;0;0.00000;0.00000;0.00000;0.00000 
['0x50'];57140.47;-0.0015;-0.0029;0.9990;0.0000;0.0000;0.0000;0.0000;-0.0055;110.7202;0.0000;0;0;0;0.00000;0.00000;0.00000;0.00000 
['0x50'];57140.581;0.0010;0.0049;1.0015;0.0000;0.0000;0.0000;0.0000;-0.0055;110.5005;0.0000;0;0;0;0.00000;0.00000;0.00000;0.00000 
['0x50'];57140.668;0.0015;-0.0024;1.0024;0.0000;0.0000;0.0000;-0.0055;-0.0055;110.2808;0.0000;0;0;0;0.00000;0.00000;0.00000;0.00000 
['0x50'];57140.802;0.0000;-0.0024;0.9961;0.0000;0.0000;0.0000;0.0000;-0.0055;110.0336;0.0000;0;0;0;0.00000;0.00000;0.00000;0.00000 
['0x50'];57140.865;-0.0005;-0.0005;1.0044;0.0000;0.0000;0.0000;0.0000;-0.0055;109.7864;0.0000;0;0;0;0.00000;0.00000;0.00000;0.00000 
['0x50'];57140.965;-0.0005;-0.0015;1.0010;0.0000;0.0000;0.0000;0.0000;-0.0055;109.5392;0.0000;0;0;0;0.00000;0.00000;0.00000;0.00000 
['0x50'];57141.063;-0.0005;-0.0010;0.9971;0.0000;0.0000;0.0000;0.0000;-0.0055;109.2975;0.0000;0;0;0;0.00000;0.00000;0.00000;0.00000 
['0x50'];57141.162;0.0005;0.0000;0.9961;0.0000;0.0000;0.0000;-0.0055;-0.0055;109.0723;0.0000;0;0;0;0.00000;0.00000;0.00000;0.00000 
['0x50'];57141.26;-0.0010;-0.0049;1.0024;0.0000;0.0000;0.0000;-0.0055;-0.0055;108.8470;0.0000;0;0;0;0.00000;0.00000;0.00000;0.00000 
['0x50'];57141.359;-0.0005;0.0000;0.9995;0.0000;0.0000;0.0000;-0.0055;0.0000;108.6438;0.0000;0;0;0;0.00000;0.00000;0.00000;0.00000 
['0x50'];57141.458;-0.0015;-0.0024;0.9966;0.0000;0.0000;0.0000;-0.0055;0.0000;108.4625;0.0000;0;0;0;0.00000;0.00000;0.00000;0.00000 
['0x50'];57141.599;0.0000;0.0000;0.9966;0.0000;0.0000;0.0000;-0.0110;0.0000;108.3032;0.0000;0;0;0;0.00000;0.00000;0.00000;0.00000 
['0x50'];57141.656;0.0000;-0.0020;1.0015;0.0000;0.0000;0.0000;-0.0110;0.0000;108.1549;0.0000;0;0;0;0.00000;0.00000;0.00000;0.00000 
['0x50'];57141.755;-0.0020;-0.0015;0.9980;0.0000;0.0000;0.0000;-0.0165;0.0000;108.0450;0.0000;0;0;0;0.00000;0.00000;0.00000;0.00000 
['0x50'];57141.854;-0.0039;-0.0034;1.0044;0.0000;0.0000;0.0000;-0.0165;0.0000;107.9572;0.0000;0;0;0;0.00000;0.00000;0.00000;0.00000 
['0x50'];57141.952;0.0000;-0.0020;0.9912;0.0000;0.0000;0.0000;-0.0165;0.0000;107.8967;0.0000;0;0;0;0.00000;0.00000;0.00000;0.00000 
['0x50'];57142.051;0.0010;-0.0005;1.0000;0.0000;0.0000;0.0000;-0.0220;0.0000;107.8638;0.0000;0;0;0;0.00000;0.00000;0.00000;0.00000 
['0x50'];57142.149;0.0020;-0.0005;0.9976;0.0000;0.0000;0.0000;-0.0220;0.0000;107.8418;0.0000;0;0;0;0.00000;0.00000;0.00000;0.00000 
['0x50'];57142.248;0.0010;0.0000;1.0044;0.0000;0.0000;0.0000;-0.0220;0.0000;107.8528;0.0000;0;0;0;0.00000;0.00000;0.00000;0.00000 
['0x50'];57142.347;0.0000;-0.0005;0.9966;0.0000;0.0000;0.0000;-0.0165;0.0000;107.8802;0.0000;0;0;0;0.00000;0.00000;0.00000;0.00000 
['0x50'];57142.446;0.0024;0.0000;1.0020;0.0000;0.0000;0.0000;-0.0220;0.0000;107.9352;0.0000;0;0;0;0.00000;0.00000;0.00000;0.00000 
['0x50'];57142.545;0.0020;-0.0010;0.9961;0.0000;0.0000;0.0000;-0.0275;0.0000;108.0176;0.0000;0;0;0;0.00000;0.00000;0.00000;0.00000 
['0x50'];57142.645;0.0029;-0.0005;1.0083;0.0000;0.0000;0.0000;-0.0275;0.0000;108.1219;0.0000;0;0;0;0.00000;0.00000;0.00000;0.00000 
['0x50'];57142.743;-0.0005;-0.0015;0.9985;0.0000;0.0000;0.0000;-0.0275;0.0000;108.2373;0.0000;0;0;0;0.00000;0.00000;0.00000;0.00000 
['0x50'];57142.849;0.0000;0.0010;0.9966;0.0000;0.0000;0.0000;-0.0275;0.0000;108.3856;0.0000;0;0;0;0.00000;0.00000;0.00000;0.00000 
['0x50'];57142.94;0.0010;0.0005;1.0034;0.0000;0.0000;0.0000;-0.0275;0.0000;108.5834;0.0000;0;0;0;0.00000;0.00000;0.00000;0.00000 
['0x50'];57143.066;0.0024;0.0020;1.0010;0.0000;0.0000;0.0000;-0.0330;0.0000;108.8141;0.0000;0;0;0;0.00000;0.00000;0.00000;0.00000 
['0x50'];57143.138;-0.0010;-0.0029;1.0010;0.0000;0.0000;0.0000;-0.0275;0.0000;109.0613;0.0000;0;0;0;0.00000;0.00000;0.00000;0.00000 
['0x50'];57143.238;-0.0029;0.0005;1.0005;0.0000;0.0000;0.0000;-0.0330;0.0000;109.3250;0.0000;0;0;0;0.00000;0.00000;0.00000;0.00000 
['0x50'];57143.335;0.0010;0.0005;1.0034;0.0000;0.0000;0.0000;-0.0330;0.0000;109.5831;0.0000;0;0;0;0.00000;0.00000;0.00000;0.00000 
['0x50'];57143.438;0.0020;0.0000;0.9956;0.0000;0.0000;0.0000;-0.0330;0.0000;109.8413;0.0000;0;0;0;0.00000;0.00000;0.00000;0.00000 
['0x50'];57143.533;0.0000;0.0015;1.0054;0.0000;0.0000;0.0000;-0.0330;0.0000;110.0940;0.0000;0;0;0;0.00000;0.00000;0.00000;0.00000 
['0x50'];57143.661;-0.0010;-0.0020;0.9990;0.0000;0.0000;0.0000;-0.0275;0.0000;110.3412;0.0000;0;0;0;0.00000;0.00000;0.00000;0.00000 
['0x50'];57143.731;0.0000;0.0000;1.0034;0.0000;0.0000;0.0000;-0.0330;-0.0055;110.5884;0.0000;0;0;0;0.00000;0.00000;0.00000;0.00000 
['0x50'];57143.829;0.0005;-0.0015;1.0020;0.0000;0.0000;0.0000;-0.0275;-0.0055;110.8411;0.0000;0;0;0;0.00000;0.00000;0.00000;0.00000 
['0x50'];57143.928;0.0005;-0.0029;0.9985;0.0000;0.0000;0.0000;-0.0275;-0.0055;111.1047;0.0000;0;0;0;0.00000;0.00000;0.00000;0.00000 
['0x50'];57144.05;0.0000;-0.0020;1.0024;0.0000;0.0000;0.0000;-0.0275;-0.0055;111.3629;0.0000;0;0;0;0.00000;0.00000;0.00000;0.00000 
['0x50'];57144.126;0.0000;-0.0024;1.0000;0.0000;0.0000;0.0000;-0.0275;-0.0110;111.6211;0.0000;0;0;0;0.00000;0.00000;0.00000;0.00000 
['0x50'];57144.268;0.0005;-0.0005;0.9985;0.0000;0.0000;0.0000;-0.0275;-0.0110;111.8793;0.0000;0;0;0;0.00000;0.00000;0.00000;0.00000 
['0x50'];57144.323;0.0005;0.0015;0.9971;0.0000;0.0000;0.0000;-0.0275;-0.0110;112.1484;0.0000;0;0;0;0.00000;0.00000;0.00000;0.00000 
['0x50'];57144.435;0.0000;-0.0015;1.0020;0.0000;0.0000;0.0000;-0.0275;-0.0110;112.4286;0.0000;0;0;0;0.00000;0.00000;0.00000;0.00000 
['0x50'];57144.521;0.0000;0.0049;0.9961;0.0000;0.0000;0.0000;-0.0330;-0.0110;112.7087;0.0000;0;0;0;0.00000;0.00000;0.00000;0.00000 
['0x50'];57144.652;-0.0005;-0.0039;1.0005;0.0000;0.0000;0.0000;-0.0275;-0.0110;112.9779;0.0000;0;0;0;0.00000;0.00000;0.00000;0.00000 
['0x50'];57144.718;-0.0010;0.0000;1.0039;0.0000;0.0000;0.0000;-0.0220;-0.0165;113.2251;0.0000;0;0;0;0.00000;0.00000;0.00000;0.00000 
['0x50'];57144.817;0.0024;-0.0005;1.0015;0.0000;0.0000;0.0000;-0.0220;-0.0165;113.4613;0.0000;0;0;0;0.00000;0.00000;0.00000;0.00000 
['0x50'];57144.916;0.0000;0.0000;0.9995;0.0000;0.0000;0.0000;-0.0220;-0.0165;113.6700;0.0000;0;0;0;0.00000;0.00000;0.00000;0.00000 
['0x50'];57145.041;0.0005;-0.0020;1.0024;0.0000;0.0000;0.0000;-0.0220;-0.0165;113.8678;0.0000;0;0;0;0.00000;0.00000;0.00000;0.00000 
['0x50'];57145.113;-0.0010;0.0005;0.9980;0.0000;0.0000;0.0000;-0.0165;-0.0165;114.0601;0.0000;0;0;0;0.00000;0.00000;0.00000;0.00000 
['0x50'];57145.212;0.0005;0.0005;1.0010;0.0000;0.0000;0.0000;-0.0165;-0.0165;114.2468;0.0000;0;0;0;0.00000;0.00000;0.00000;0.00000 
['0x50'];57145.311;0.0005;0.0005;0.9932;0.0000;0.0000;0.0000;-0.0165;-0.0165;114.4226;0.0000;0;0;0;0.00000;0.00000;0.00000;0.00000 
['0x50'];57145.409;-0.0020;-0.0029;1.0034;0.0000;0.0000;0.0000;-0.0165;-0.0165;114.5819;0.0000;0;0;0;0.00000;0.00000;0.00000;0.00000 
['0x50'];57145.508;-0.0020;0.0000;0.9995;0.0000;0.0000;0.0000;-0.0165;-0.0165;114.7137;0.0000;0;0;0;0.00000;0.00000;0.00000;0.00000 
['0x50'];57145.607;0.0000;0.0020;1.0005;0.0000;0.0000;0.0000;-0.0110;-0.0165;114.8181;0.0000;0;0;0;0.00000;0.00000;0.00000;0.00000 
['0x50'];57145.708;0.0024;0.0024;0.9966;0.0000;0.0000;0.0000;-0.0110;-0.0165;114.8895;0.0000;0;0;0;0.00000;0.00000;0.00000;0.00000 
['0x50'];57145.804;0.0000;-0.0005;1.0029;0.0000;0.0000;0.0000;-0.0110;-0.0165;114.9335;0.0000;0;0;0;0.00000;0.00000;0.00000;0.00000 
['0x50'];57145.903;0.0000;-0.0010;1.0024;0.0000;0.0000;0.0000;-0.0110;-0.0165;114.9335;0.0000;0;0;0;0.00000;0.00000;0.00000;0.00000 
['0x50'];57146.002;-0.0010;0.0010;0.9951;0.0000;0.0000;0.0000;-0.0110;-0.0165;114.9060;0.0000;0;0;0;0.00000;0.00000;0.00000;0.00000 
['0x50'];57146.101;0.0000;0.0015;0.9985;0.0000;0.0000;0.0000;-0.0055;-0.0165;114.8346;0.0000;0;0;0;0.00000;0.00000;0.00000;0.00000 
['0x50'];57146.2;0.0020;0.0059;1.0000;0.0000;0.0000;0.0000;-0.0110;-0.0165;114.7467;0.0000;0;0;0;0.00000;0.00000;0.00000;0.00000 
['0x50'];57146.298;0.0010;0.0024;1.0020;0.0000;0.0000;0.0000;-0.0110;-0.0165;114.6423;0.0000;0;0;0;0.00000;0.00000;0.00000;0.00000 
['0x50'];57146.396;0.0005;0.0015;0.9976;0.0000;0.0000;0.0000;-0.0110;-0.0165;114.5380;0.0000;0;0;0;0.00000;0.00000;0.00000;0.00000 
['0x50'];57146.516;0.0000;0.0000;0.9995;0.0000;0.0000;0.0000;-0.0055;-0.0165;114.4281;0.0000;0;0;0;0.00000;0.00000;0.00000;0.00000 
['0x50'];57146.595;0.0000;0.0020;0.9961;0.0000;0.0000;0.0000;-0.0055;-0.0110;114.3127;0.0000;0;0;0;0.00000;0.00000;0.00000;0.00000 
['0x50'];57146.733;-0.0005;-0.0010;1.0034;0.0000;0.0000;0.0000;-0.0110;-0.0110;114.1919;0.0000;0;0;0;0.00000;0.00000;0.00000;0.00000 
['0x50'];57146.792;0.0010;0.0000;0.9976;0.0000;0.0000;0.0000;-0.0055;-0.0110;114.1095;0.0000;0;0;0;0.00000;0.00000;0.00000;0.00000 
['0x50'];57146.891;-0.0010;-0.0015;1.0024;0.0000;0.0000;0.0000;-0.0110;-0.0110;114.0930;0.0000;0;0;0;0.00000;0.00000;0.00000;0.00000 
['0x50'];57146.99;-0.0024;-0.0015;0.9980;0.0000;0.0000;0.0000;-0.0110;-0.0110;114.1370;0.0000;0;0;0;0.00000;0.00000;0.00000;0.00000 
['0x50'];57147.103;-0.0010;-0.0010;0.9985;0.0000;0.0000;0.0000;-0.0110;-0.0055;114.2523;0.0000;0;0;0;0.00000;0.00000;0.00000;0.00000 
['0x50'];57147.187;-0.0005;-0.0034;1.0010;0.0000;0.0000;0.0000;-0.0110;-0.0055;114.4226;0.0000;0;0;0;0.00000;0.00000;0.00000;0.00000 
['0x50'];57147.324;0.0000;0.0000;0.9985;0.0000;0.0000;0.0000;-0.0110;-0.0055;114.6204;0.0000;0;0;0;0.00000;0.00000;0.00000;0.00000 
['0x50'];57147.385;-0.0020;-0.0059;0.9980;0.0000;0.0000;0.0000;-0.0110;-0.0055;114.8126;0.0000;0;0;0;0.00000;0.00000;0.00000;0.00000 
['0x50'];57147.491;-0.0034;-0.0010;1.0000;0.0000;0.0000;0.0000;-0.0110;-0.0055;115.0104;0.0000;0;0;0;0.00000;0.00000;0.00000;0.00000 
['0x50'];57147.582;0.0000;-0.0024;0.9966;0.0000;0.0000;0.0000;-0.0110;0.0000;115.2026;0.0000;0;0;0;0.00000;0.00000;0.00000;0.00000 
['0x50'];57147.714;0.0000;-0.0005;1.0000;0.0000;0.0000;0.0000;-0.0165;0.0000;115.3784;0.0000;0;0;0;0.00000;0.00000;0.00000;0.00000 
['0x50'];57147.786;0.0015;0.0000;1.0005;0.0000;0.0000;0.0000;-0.0165;0.0000;115.5487;0.0000;0;0;0;0.00000;0.00000;0.00000;0.00000 
['0x50'];57147.879;-0.0005;-0.0005;0.9937;0.0000;0.0000;0.0000;-0.0220;0.0000;115.7080;0.0000;0;0;0;0.00000;0.00000;0.00000;0.00000 
['0x50'];57147.977;-0.0005;0.0010;1.0024;0.0000;0.0000;0.0000;-0.0220;0.0000;115.8508;0.0000;0;0;0;0.00000;0.00000;0.00000;0.00000 
['0x50'];57148.101;0.0000;-0.0024;0.9932;0.0000;0.0000;0.0000;-0.0220;0.0000;115.9717;0.0000;0;0;0;0.00000;0.00000;0.00000;0.00000 
['0x50'];57148.175;0.0005;0.0005;1.0078;0.0000;0.0000;0.0000;-0.0220;0.0000;116.0596;0.0000;0;0;0;0.00000;0.00000;0.00000;0.00000 
['0x50'];57148.274;-0.0029;-0.0049;0.9917;0.0000;0.0000;0.0000;-0.0220;0.0000;116.1145;0.0000;0;0;0;0.00000;0.00000;0.00000;0.00000 
['0x50'];57148.373;0.0000;0.0015;1.0078;0.0000;0.0000;0.0000;-0.0165;0.0000;116.1475;0.0000;0;0;0;0.00000;0.00000;0.00000;0.00000 
['0x50'];57148.486;-0.0010;-0.0015;0.9927;0.0000;0.0000;0.0000;-0.0220;0.0000;116.1475;0.0000;0;0;0;0.00000;0.00000;0.00000;0.00000 
['0x50'];57148.57;0.0020;0.0000;1.0010;0.0000;0.0000;0.0000;-0.0165;0.0000;116.1035;0.0000;0;0;0;0.00000;0.00000;0.00000;0.00000 
['0x50'];57148.705;0.0000;-0.0010;1.0000;0.0000;0.0000;0.0000;-0.0220;0.0000;116.0211;0.0000;0;0;0;0.00000;0.00000;0.00000;0.00000 
['0x50'];57148.768;0.0000;-0.0029;0.9980;0.0000;0.0000;0.0000;-0.0220;0.0000;115.8948;0.0000;0;0;0;0.00000;0.00000;0.00000;0.00000 
['0x50'];57148.867;-0.0015;0.0005;0.9985;0.0000;0.0000;0.0000;-0.0220;0.0000;115.7300;0.0000;0;0;0;0.00000;0.00000;0.00000;0.00000 
['0x50'];57148.966;0.0005;-0.0005;0.9961;0.0000;0.0000;0.0000;-0.0220;0.0000;115.5487;0.0000;0;0;0;0.00000;0.00000;0.00000;0.00000 
['0x50'];57149.065;0.0000;-0.0005;1.0024;0.0000;0.0000;0.0000;-0.0220;0.0000;115.3564;0.0000;0;0;0;0.00000;0.00000;0.00000;0.00000 
['0x50'];57149.164;-0.0010;-0.0034;1.0015;0.0000;0.0000;0.0000;-0.0220;0.0000;115.1752;0.0000;0;0;0;0.00000;0.00000;0.00000;0.00000 
['0x50'];57149.263;0.0015;-0.0015;0.9946;0.0000;0.0000;0.0000;-0.0165;0.0000;114.9994;0.0000;0;0;0;0.00000;0.00000;0.00000;0.00000 
['0x50'];57149.361;0.0010;0.0020;0.9985;0.0000;0.0000;0.0000;-0.0165;0.0000;114.8456;0.0000;0;0;0;0.00000;0.00000;0.00000;0.00000 
['0x50'];57149.46;0.0015;-0.0020;1.0020;0.0000;0.0000;0.0000;-0.0220;0.0000;114.7137;0.0000;0;0;0;0.00000;0.00000;0.00000;0.00000 
['0x50'];57149.56;0.0020;0.0024;1.0010;0.0000;0.0000;0.0000;-0.0165;0.0000;114.6039;0.0000;0;0;0;0.00000;0.00000;0.00000;0.00000 
['0x50'];57149.658;-0.0010;0.0010;1.0005;0.0000;0.0000;0.0000;-0.0165;0.0000;114.5325;0.0000;0;0;0;0.00000;0.00000;0.00000;0.00000 
['0x50'];57149.757;0.0000;-0.0010;0.9937;0.0000;0.0000;0.0000;-0.0165;0.0000;114.4885;0.0000;0;0;0;0.00000;0.00000;0.00000;0.00000 
['0x50'];57149.856;0.0000;0.0015;1.0063;0.0000;0.0000;0.0000;-0.0110;0.0000;114.4611;0.0000;0;0;0;0.00000;0.00000;0.00000;0.00000 
['0x50'];57149.964;0.0005;-0.0029;0.9990;0.0000;0.0000;0.0000;-0.0165;0.0000;114.4611;0.0000;0;0;0;0.00000;0.00000;0.00000;0.00000 
['0x50'];57150.054;-0.0005;0.0005;1.0024;0.0000;0.0000;0.0000;-0.0110;0.0000;114.4666;0.0000;0;0;0;0.00000;0.00000;0.00000;0.00000 
['0x50'];57150.179;-0.0020;-0.0020;0.9956;0.0000;0.0000;0.0000;-0.0165;0.0000;114.4885;0.0000;0;0;0;0.00000;0.00000;0.00000;0.00000 
['0x50'];57150.251;0.0000;0.0015;1.0015;0.0000;0.0000;0.0000;-0.0110;0.0000;114.5105;0.0000;0;0;0;0.00000;0.00000;0.00000;0.00000 
['0x50'];57150.35;0.0005;0.0010;0.9941;0.0000;0.0000;0.0000;-0.0165;0.0000;114.5544;0.0000;0;0;0;0.00000;0.00000;0.00000;0.00000 
['0x50'];57150.449;-0.0005;0.0005;1.0049;0.0000;0.0000;0.0000;-0.0110;0.0000;114.6149;0.0000;0;0;0;0.00000;0.00000;0.00000;0.00000 
['0x50'];57150.554;0.0029;-0.0005;0.9995;0.0000;0.0000;0.0000;-0.0110;0.0000;114.6863;0.0000;0;0;0;0.00000;0.00000;0.00000;0.00000 
['0x50'];57150.647;0.0010;-0.0005;0.9966;0.0000;0.0000;0.0000;-0.0110;0.0000;114.7797;0.0000;0;0;0;0.00000;0.00000;0.00000;0.00000 
['0x50'];57150.774;0.0005;0.0020;1.0049;0.0000;0.0000;0.0000;-0.0110;-0.0055;114.8840;0.0000;0;0;0;0.00000;0.00000;0.00000;0.00000 
['0x50'];57150.844;0.0015;-0.0029;0.9956;0.0000;0.0000;0.0000;-0.0110;-0.0055;115.0214;0.0000;0;0;0;0.00000;0.00000;0.00000;0.00000 
['0x50'];57150.982;0.0000;0.0000;1.0029;0.0000;0.0000;0.0000;-0.0110;-0.0055;115.1917;0.0000;0;0;0;0.00000;0.00000;0.00000;0.00000 
['0x50'];57151.043;0.0000;-0.0020;0.9985;0.0000;0.0000;0.0000;-0.0055;-0.0055;115.3729;0.0000;0;0;0;0.00000;0.00000;0.00000;0.00000 
['0x50'];57151.179;0.0010;0.0005;1.0000;0.0000;0.0000;0.0000;-0.0110;-0.0055;115.5597;0.0000;0;0;0;0.00000;0.00000;0.00000;0.00000 
['0x50'];57151.239;0.0000;0.0000;0.9980;0.0000;0.0000;0.0000;-0.0055;-0.0110;115.7410;0.0000;0;0;0;0.00000;0.00000;0.00000;0.00000 
['0x50'];57151.381;0.0000;-0.0020;0.9980;0.0000;0.0000;0.0000;-0.0055;-0.0110;115.9003;0.0000;0;0;0;0.00000;0.00000;0.00000;0.00000 
['0x50'];57151.437;-0.0005;-0.0015;0.9971;0.0000;0.0000;0.0000;-0.0055;-0.0110;116.0211;0.0000;0;0;0;0.00000;0.00000;0.00000;0.00000 
['0x50'];57151.564;-0.0005;-0.0015;1.0034;0.0000;0.0000;0.0000;-0.0055;-0.0110;116.1090;0.0000;0;0;0;0.00000;0.00000;0.00000;0.00000 
['0x50'];57151.634;0.0015;0.0005;1.0005;0.0000;0.0000;0.0000;-0.0055;-0.0110;116.1584;0.0000;0;0;0;0.00000;0.00000;0.00000;0.00000 
['0x50'];57151.734;0.0010;0.0000;1.0020;0.0000;0.0000;0.0000;-0.0055;-0.0165;116.1859;0.0000;0;0;0;0.00000;0.00000;0.00000;0.00000 
['0x50'];57151.832;0.0010;0.0000;0.9966;0.0000;0.0000;0.0000;0.0000;-0.0165;116.1804;0.0000;0;0;0;0.00000;0.00000;0.00000;0.00000 
['0x50'];57151.931;0.0005;0.0039;1.0049;0.0000;0.0000;0.0000;0.0000;-0.0165;116.1530;0.0000;0;0;0;0.00000;0.00000;0.00000;0.00000 
['0x50'];57152.03;-0.0015;0.0010;0.9966;0.0000;0.0000;0.0000;0.0000;-0.0165;116.1035;0.0000;0;0;0;0.00000;0.00000;0.00000;0.00000 
['0x50'];57152.129;0.0020;0.0034;1.0015;0.0000;0.0000;0.0000;0.0055;-0.0220;116.0211;0.0000;0;0;0;0.00000;0.00000;0.00000;0.00000 
['0x50'];57152.228;-0.0015;-0.0049;0.9951;0.0000;0.0000;0.0000;-0.0110;-0.0165;115.9332;0.0000;0;0;0;0.00000;0.00000;0.00000;0.00000 
['0x50'];57152.326;-0.0015;0.0005;1.0020;0.0000;0.0000;0.0000;0.0000;-0.0165;115.7904;0.0000;0;0;0;0.00000;0.00000;0.00000;0.00000 
['0x50'];57152.425;0.0020;0.0015;1.0020;0.0000;0.0000;0.0000;0.0055;-0.0220;115.6256;0.0000;0;0;0;0.00000;0.00000;0.00000;0.00000 
['0x50'];57152.524;0.0005;0.0000;0.9937;0.0000;0.0000;0.0000;0.0000;-0.0220;115.4443;0.0000;0;0;0;0.00000;0.00000;0.00000;0.00000 
['0x50'];57152.623;0.0024;0.0015;1.0049;0.0000;0.0000;0.0000;0.0055;-0.0220;115.2246;0.0000;0;0;0;0.00000;0.00000;0.00000;0.00000 
['0x50'];57152.766;0.0029;-0.0034;0.9922;0.0000;0.0000;0.0000;0.0000;-0.0220;114.9774;0.0000;0;0;0;0.00000;0.00000;0.00000;0.00000 
['0x50'];57152.82;-0.0005;-0.0029;1.0083;0.0000;0.0000;0.0000;0.0055;-0.0220;114.6973;0.0000;0;0;0;0.00000;0.00000;0.00000;0.00000 
['0x50'];57152.92;-0.0093;-0.0029;0.9946;0.0000;0.0000;0.0000;0.0055;-0.0275;114.3896;0.0000;0;0;0;0.00000;0.00000;0.00000;0.00000 
['0x50'];57153.018;0.0049;0.0020;1.0005;0.0000;0.0000;0.0000;0.0055;-0.0220;114.0710;0.0000;0;0;0;0.00000;0.00000;0.00000;0.00000 
['0x50'];57153.116;0.0034;0.0010;0.9990;0.0000;0.0000;0.0000;0.0055;-0.0275;113.7469;0.0000;0;0;0;0.00000;0.00000;0.00000;0.00000 
['0x50'];57153.215;0.0000;0.0010;1.0093;0.0000;0.0000;0.0000;0.0055;-0.0275;113.4393;0.0000;0;0;0;0.00000;0.00000;0.00000;0.00000 
['0x50'];57153.315;0.0000;0.0000;0.9990;0.0000;0.0000;0.0000;0.0055;-0.0275;113.1866;0.0000;0;0;0;0.00000;0.00000;0.00000;0.00000 
['0x50'];57153.413;-0.0015;-0.0010;0.9951;0.0000;0.0000;0.0000;0.0055;-0.0275;113.0109;0.0000;0;0;0;0.00000;0.00000;0.00000;0.00000 
['0x50'];57153.512;0.0005;0.0024;1.0000;0.0000;0.0000;0.0000;0.0055;-0.0275;112.9395;0.0000;0;0;0;0.00000;0.00000;0.00000;0.00000 
['0x50'];57153.61;0.0010;-0.0015;0.9956;0.0000;0.0000;0.0000;0.0055;-0.0275;112.9834;0.0000;0;0;0;0.00000;0.00000;0.00000;0.00000 
['0x50'];57153.71;0.0000;-0.0010;1.0068;0.0000;0.0000;0.0000;0.0000;-0.0275;113.1317;0.0000;0;0;0;0.00000;0.00000;0.00000;0.00000 
['0x50'];57153.808;-0.0005;0.0015;1.0137;0.0000;0.0000;0.0000;0.0055;-0.0275;113.3569;0.0000;0;0;0;0.00000;0.00000;0.00000;0.00000 
['0x50'];57153.907;-0.0024;-0.0010;1.0210;0.0000;0.0000;0.0000;0.0110;-0.0275;113.6536;0.0000;0;0;0;0.00000;0.00000;0.00000;0.00000 
['0x50'];57154.046;0.0000;0.0000;1.0376;0.0000;0.0000;0.0000;0.0110;-0.0275;113.9996;0.0000;0;0;0;0.00000;0.00000;0.00000;0.00000 
['0x50'];57154.105;0.0000;-0.0010;1.0518;0.0000;0.0000;0.0000;0.0110;-0.0220;114.3787;0.0000;0;0;0;0.00000;0.00000;0.00000;0.00000 
['0x50'];57154.273;0.0005;0.0015;1.0547;0.0000;0.0000;0.0000;0.0110;-0.0220;114.7742;0.0000;0;0;0;0.00000;0.00000;0.00000;0.00000 
['0x50'];57154.303;-0.0015;-0.0020;1.0693;0.0000;0.0000;0.0000;0.0110;-0.0165;115.1862;0.0000;0;0;0;0.00000;0.00000;0.00000;0.00000 
['0x50'];57154.463;0.0005;0.0000;1.0713;0.0000;0.0000;0.0000;0.0110;-0.0220;115.6036;0.0000;0;0;0;0.00000;0.00000;0.00000;0.00000 
['0x50'];57154.509;0.0000;-0.0010;1.0718;0.0000;0.0000;0.0000;0.0055;-0.0220;116.0266;0.0000;0;0;0;0.00000;0.00000;0.00000;0.00000 
['0x50'];57154.677;-0.0015;-0.0020;1.0747;0.0000;0.0000;0.0000;0.0055;-0.0220;116.4441;0.0000;0;0;0;0.00000;0.00000;0.00000;0.00000 
['0x50'];57154.698;0.0010;-0.0015;1.0728;0.0000;0.0000;0.0000;0.0000;-0.0165;116.8671;0.0000;0;0;0;0.00000;0.00000;0.00000;0.00000 
['0x50'];57154.847;-0.0015;-0.0039;1.0732;0.0000;0.0000;0.0000;0.0000;-0.0165;117.2900;0.0000;0;0;0;0.00000;0.00000;0.00000;0.00000 
['0x50'];57154.896;0.0015;-0.0029;1.0723;0.0000;0.0000;0.0000;-0.0055;-0.0165;117.7185;0.0000;0;0;0;0.00000;0.00000;0.00000;0.00000 
['0x50'];57155.063;0.0010;0.0049;1.0767;0.0000;0.0000;0.0000;-0.0055;-0.0110;118.1250;0.0000;0;0;0;0.00000;0.00000;0.00000;0.00000 
['0x50'];57155.094;-0.0034;-0.0029;1.0635;0.0000;0.0000;0.0000;0.0165;-0.0165;118.5040;0.0000;0;0;0;0.00000;0.00000;0.00000;0.00000 
['0x50'];57155.265;0.0005;-0.0010;1.0498;0.0000;0.0000;0.0000;0.0055;-0.0110;118.9105;0.0000;0;0;0;0.00000;0.00000;0.00000;0.00000 
['0x50'];57155.304;0.0000;0.0000;1.0444;0.0000;0.0000;0.0000;0.0000;-0.0110;119.3060;0.0000;0;0;0;0.00000;0.00000;0.00000;0.00000 
['0x50'];57155.433;-0.0010;0.0000;1.0264;0.0000;0.0000;0.0000;0.0055;-0.0110;119.6686;0.0000;0;0;0;0.00000;0.00000;0.00000;0.00000 
['0x50'];57155.489;0.0000;0.0000;1.0244;0.0000;0.0000;0.0000;0.0000;-0.0110;120.0311;0.0000;0;0;0;0.00000;0.00000;0.00000;0.00000 
['0x50'];57155.587;0.0000;-0.0015;1.0049;0.0000;0.0000;0.0000;0.0000;-0.0055;120.3717;0.0000;0;0;0;0.00000;0.00000;0.00000;0.00000 
['0x50'];57155.686;0.0015;0.0000;0.9995;0.0000;0.0000;0.0000;0.0000;-0.0055;120.7013;0.0000;0;0;0;0.00000;0.00000;0.00000;0.00000 
['0x50'];57155.785;0.0000;0.0010;0.9956;0.0000;0.0000;0.0000;0.0000;-0.0055;121.0199;0.0000;0;0;0;0.00000;0.00000;0.00000;0.00000 
['0x50'];57155.884;0.0000;0.0000;1.0068;0.0000;0.0000;0.0000;0.0000;-0.0055;121.3220;0.0000;0;0;0;0.00000;0.00000;0.00000;0.00000 
['0x50'];57155.983;0.0005;0.0005;0.9985;0.0000;0.0000;0.0000;0.0000;-0.0055;121.6077;0.0000;0;0;0;0.00000;0.00000;0.00000;0.00000 
['0x50'];57156.082;0.0010;-0.0005;0.9995;0.0000;0.0000;0.0000;0.0000;-0.0055;121.8878;0.0000;0;0;0;0.00000;0.00000;0.00000;0.00000 
['0x50'];57156.228;0.0000;-0.0015;0.9966;0.0000;0.0000;0.0000;0.0000;-0.0055;122.1625;0.0000;0;0;0;0.00000;0.00000;0.00000;0.00000 
['0x50'];57156.279;0.0010;0.0000;1.0059;0.0000;0.0000;0.0000;0.0000;-0.0055;122.4207;0.0000;0;0;0;0.00000;0.00000;0.00000;0.00000 
['0x50'];57156.378;0.0010;-0.0005;1.0000;0.0000;0.0000;0.0000;0.0000;-0.0055;122.6733;0.0000;0;0;0;0.00000;0.00000;0.00000;0.00000 
['0x50'];57156.477;-0.0010;0.0000;0.9976;0.0000;0.0000;0.0000;0.0000;-0.0055;122.9150;0.0000;0;0;0;0.00000;0.00000;0.00000;0.00000 
['0x50'];57156.575;-0.0010;0.0000;0.9985;0.0000;0.0000;0.0000;0.0000;-0.0055;123.1458;0.0000;0;0;0;0.00000;0.00000;0.00000;0.00000 
['0x50'];57156.675;0.0000;-0.0005;1.0005;0.0000;0.0000;0.0000;-0.0055;-0.0055;123.3655;0.0000;0;0;0;0.00000;0.00000;0.00000;0.00000 
['0x50'];57156.774;0.0005;0.0005;1.0054;0.0000;0.0000;0.0000;-0.0055;-0.0055;123.5742;0.0000;0;0;0;0.00000;0.00000;0.00000;0.00000 
['0x50'];57156.889;0.0000;-0.0010;0.9956;0.0000;0.0000;0.0000;-0.0055;-0.0055;123.7775;0.0000;0;0;0;0.00000;0.00000;0.00000;0.00000 
['0x50'];57156.971;0.0000;0.0000;0.9966;0.0000;0.0000;0.0000;0.0000;-0.0055;123.9752;0.0000;0;0;0;0.00000;0.00000;0.00000;0.00000 
['0x50'];57157.071;0.0005;0.0005;1.0020;0.0000;0.0000;0.0000;0.0000;-0.0055;124.1620;0.0000;0;0;0;0.00000;0.00000;0.00000;0.00000 
['0x50'];57157.169;0.0000;0.0005;1.0029;0.0000;0.0000;0.0000;-0.0055;-0.0055;124.3488;0.0000;0;0;0;0.00000;0.00000;0.00000;0.00000 
['0x50'];57157.348;0.0000;0.0005;0.9971;0.0000;0.0000;0.0000;-0.0055;-0.0055;124.5300;0.0000;0;0;0;0.00000;0.00000;0.00000;0.00000 
['0x50'];57157.369;-0.0010;0.0000;0.9951;0.0000;0.0000;0.0000;-0.0055;-0.0055;124.7003;0.0000;0;0;0;0.00000;0.00000;0.00000;0.00000 
['0x50'];57157.509;0.0005;0.0000;1.0024;0.0000;0.0000;0.0000;-0.0055;-0.0055;124.8706;0.0000;0;0;0;0.00000;0.00000;0.00000;0.00000 
['0x50'];57157.564;0.0005;0.0000;1.0029;0.0000;0.0000;0.0000;-0.0055;-0.0055;125.0354;0.0000;0;0;0;0.00000;0.00000;0.00000;0.00000 
['0x50'];57157.69;0.0000;0.0005;0.9976;0.0000;0.0000;0.0000;-0.0055;-0.0055;125.2002;0.0000;0;0;0;0.00000;0.00000;0.00000;0.00000 
['0x50'];57157.762;0.0010;0.0000;0.9966;0.0000;0.0000;0.0000;-0.0055;-0.0055;125.3540;0.0000;0;0;0;0.00000;0.00000;0.00000;0.00000 
['0x50'];57157.892;0.0000;0.0005;1.0000;0.0000;0.0000;0.0000;-0.0055;-0.0055;125.5023;0.0000;0;0;0;0.00000;0.00000;0.00000;0.00000 
['0x50'];57157.96;-0.0005;0.0000;1.0039;0.0000;0.0000;0.0000;-0.0055;-0.0055;125.6561;0.0000;0;0;0;0.00000;0.00000;0.00000;0.00000 
['0x50'];57158.058;0.0000;0.0010;0.9976;0.0000;0.0000;0.0000;-0.0055;-0.0055;125.8044;0.0000;0;0;0;0.00000;0.00000;0.00000;0.00000 
['0x50'];57158.158;0.0005;0.0000;0.9985;0.0000;0.0000;0.0000;-0.0055;-0.0055;125.9473;0.0000;0;0;0;0.00000;0.00000;0.00000;0.00000 
['0x50'];57158.281;0.0000;-0.0010;1.0010;0.0000;0.0000;0.0000;-0.0055;-0.0055;126.0791;0.0000;0;0;0;0.00000;0.00000;0.00000;0.00000 
['0x50'];57158.355;-0.0005;-0.0005;1.0112;0.0000;0.0000;0.0000;-0.0055;-0.0055;126.2164;0.0000;0;0;0;0.00000;0.00000;0.00000;0.00000 
['0x50'];57158.455;0.0005;0.0015;1.0186;0.0000;0.0000;0.0000;-0.0055;0.0000;126.3483;0.0000;0;0;0;0.00000;0.00000;0.00000;0.00000 
['0x50'];57158.553;0.0000;0.0010;1.0220;0.0000;0.0000;0.0000;-0.0055;0.0000;126.4746;0.0000;0;0;0;0.00000;0.00000;0.00000;0.00000 
['0x50'];57158.663;0.0000;0.0000;1.0151;0.0000;0.0000;0.0000;-0.0055;0.0000;126.6010;0.0000;0;0;0;0.00000;0.00000;0.00000;0.00000 
['0x50'];57158.75;0.0000;-0.0010;1.0044;0.0000;0.0000;0.0000;-0.0055;0.0000;126.7163;0.0000;0;0;0;0.00000;0.00000;0.00000;0.00000 
['0x50'];57158.884;0.0000;-0.0015;1.0020;0.0000;0.0000;0.0000;-0.0055;0.0000;126.8262;0.0000;0;0;0;0.00000;0.00000;0.00000;0.00000 
['0x50'];57158.949;0.0000;-0.0015;0.9995;0.0000;0.0000;0.0000;-0.0055;0.0000;126.9250;0.0000;0;0;0;0.00000;0.00000;0.00000;0.00000 
['0x50'];57159.048;0.0000;0.0000;1.0020;0.0000;0.0000;0.0000;-0.0055;0.0000;127.0294;0.0000;0;0;0;0.00000;0.00000;0.00000;0.00000 
['0x50'];57159.147;-0.0005;0.0000;1.0000;0.0000;0.0000;0.0000;-0.0055;0.0000;127.1173;0.0000;0;0;0;0.00000;0.00000;0.00000;0.00000 
['0x50'];57159.269;0.0005;-0.0005;0.9990;0.0000;0.0000;0.0000;-0.0055;0.0000;127.2052;0.0000;0;0;0;0.00000;0.00000;0.00000;0.00000 
['0x50'];57159.345;0.0000;0.0000;0.9990;0.0000;0.0000;0.0000;-0.0055;0.0000;127.2931;0.0000;0;0;0;0.00000;0.00000;0.00000;0.00000 
['0x50'];57159.443;0.0010;0.0000;1.0044;0.0000;0.0000;0.0000;-0.0055;0.0000;127.3755;0.0000;0;0;0;0.00000;0.00000;0.00000;0.00000 
['0x50'];57159.542;0.0005;-0.0010;0.9966;0.0000;0.0000;0.0000;-0.0055;0.0000;127.4469;0.0000;0;0;0;0.00000;0.00000;0.00000;0.00000 
['0x50'];57159.663;0.0005;0.0000;1.0000;0.0000;0.0000;0.0000;-0.0055;0.0000;127.5128;0.0000;0;0;0;0.00000;0.00000;0.00000;0.00000 
['0x50'];57159.74;0.0000;-0.0010;0.9995;0.0000;0.0000;0.0000;-0.0055;0.0000;127.5732;0.0000;0;0;0;0.00000;0.00000;0.00000;0.00000 
['0x50'];57159.88;0.0000;-0.0010;0.9990;0.0000;0.0000;0.0000;-0.0055;0.0000;127.6337;0.0000;0;0;0;0.00000;0.00000;0.00000;0.00000 
['0x50'];57159.938;0.0000;0.0005;0.9995;0.0000;0.0000;0.0000;-0.0055;0.0000;127.6941;0.0000;0;0;0;0.00000;0.00000;0.00000;0.00000 
['0x50'];57160.037;0.0000;0.0005;0.9985;0.0000;0.0000;0.0000;-0.0055;0.0000;127.7435;0.0000;0;0;0;0.00000;0.00000;0.00000;0.00000 
['0x50'];57160.136;0.0000;0.0000;0.9995;0.0000;0.0000;0.0000;-0.0055;0.0000;127.7985;0.0000;0;0;0;0.00000;0.00000;0.00000;0.00000 
['0x50'];57160.235;0.0005;0.0005;1.0000;0.0000;0.0000;0.0000;-0.0055;0.0000;127.8424;0.0000;0;0;0;0.00000;0.00000;0.00000;0.00000 
['0x50'];57160.333;-0.0010;-0.0010;1.0000;0.0000;0.0000;0.0000;-0.0055;0.0000;127.8918;0.0000;0;0;0;0.00000;0.00000;0.00000;0.00000 
['0x50'];57160.433;-0.0010;0.0010;1.0000;0.0000;0.0000;0.0000;-0.0055;0.0000;127.9303;0.0000;0;0;0;0.00000;0.00000;0.00000;0.00000 
['0x50'];57160.531;-0.0005;0.0005;0.9995;0.0000;0.0000;0.0000;-0.0055;0.0000;127.9742;0.0000;0;0;0;0.00000;0.00000;0.00000;0.00000 
['0x50'];57160.631;0.0000;-0.0005;1.0000;0.0000;0.0000;0.0000;-0.0055;0.0000;128.0017;0.0000;0;0;0;0.00000;0.00000;0.00000;0.00000 
['0x50'];57160.73;-0.0010;0.0005;1.0005;0.0000;0.0000;0.0000;-0.0055;0.0000;128.0347;0.0000;0;0;0;0.00000;0.00000;0.00000;0.00000 
['0x50'];57160.828;0.0015;0.0005;1.0005;0.0000;0.0000;0.0000;-0.0055;0.0000;128.0676;0.0000;0;0;0;0.00000;0.00000;0.00000;0.00000 
['0x50'];57160.928;0.0000;-0.0029;1.0000;0.0000;0.0000;0.0000;-0.0055;0.0000;128.0951;0.0000;0;0;0;0.00000;0.00000;0.00000;0.00000 
['0x50'];57161.026;0.0010;-0.0010;1.0015;0.0000;0.0000;0.0000;-0.0055;0.0000;128.1281;0.0000;0;0;0;0.00000;0.00000;0.00000;0.00000 
['0x50'];57161.125;0.0039;0.0034;1.0015;0.0000;0.0000;0.0000;-0.0055;0.0000;128.1610;0.0000;0;0;0;0.00000;0.00000;0.00000;0.00000 
['0x50'];57161.224;0.0000;0.0024;1.0000;0.0000;0.0000;0.0000;-0.0110;0.0000;128.1995;0.0000;0;0;0;0.00000;0.00000;0.00000;0.00000 
['0x50'];57161.326;0.0000;0.0000;0.9980;0.0000;0.0000;0.0000;-0.0110;0.0000;128.2379;0.0000;0;0;0;0.00000;0.00000;0.00000;0.00000 
['0x50'];57161.422;-0.0010;0.0015;0.9976;0.0000;0.0000;0.0000;-0.0110;0.0000;128.2819;0.0000;0;0;0;0.00000;0.00000;0.00000;0.00000 
['0x50'];57161.545;-0.0044;0.0020;0.9980;0.0000;0.0000;0.0000;-0.0110;0.0000;128.3203;0.0000;0;0;0;0.00000;0.00000;0.00000;0.00000 
['0x50'];57161.62;-0.0020;-0.0020;1.0024;0.0000;0.0000;0.0000;-0.0110;0.0000;128.3643;0.0000;0;0;0;0.00000;0.00000;0.00000;0.00000 
['0x50'];57161.718;-0.0034;-0.0020;1.0005;0.0000;0.0000;0.0000;-0.0110;0.0000;128.4192;0.0000;0;0;0;0.00000;0.00000;0.00000;0.00000 
['0x50'];57161.817;-0.0010;0.0020;1.0000;0.0000;0.0000;0.0000;-0.0110;0.0000;128.4686;0.0000;0;0;0;0.00000;0.00000;0.00000;0.00000 
['0x50'];57161.916;0.0000;0.0005;0.9985;0.0000;0.0000;0.0000;-0.0110;0.0000;128.5181;0.0000;0;0;0;0.00000;0.00000;0.00000;0.00000 
['0x50'];57162.015;0.0010;-0.0010;0.9980;0.0000;0.0000;0.0000;-0.0110;0.0000;128.5675;0.0000;0;0;0;0.00000;0.00000;0.00000;0.00000 
['0x50'];57162.135;0.0024;-0.0005;1.0010;0.0000;0.0000;0.0000;-0.0110;0.0000;128.6279;0.0000;0;0;0;0.00000;0.00000;0.00000;0.00000 
['0x50'];57162.212;-0.0010;0.0000;1.0015;0.0000;0.0000;0.0000;-0.0110;0.0000;128.6829;0.0000;0;0;0;0.00000;0.00000;0.00000;0.00000 
['0x50'];57162.311;-0.0044;0.0020;0.9990;0.0000;0.0000;0.0000;-0.0110;0.0000;128.7488;0.0000;0;0;0;0.00000;0.00000;0.00000;0.00000 
['0x50'];57162.41;-0.0034;0.0015;0.9961;0.0000;0.0000;0.0000;-0.0110;0.0000;128.8037;0.0000;0;0;0;0.00000;0.00000;0.00000;0.00000 
['0x50'];57162.523;0.0005;0.0015;0.9976;0.0000;0.0000;0.0000;-0.0110;0.0000;128.8586;0.0000;0;0;0;0.00000;0.00000;0.00000;0.00000 
['0x50'];57162.607;0.0029;-0.0015;1.0015;0.0000;0.0000;0.0000;-0.0110;0.0000;128.9081;0.0000;0;0;0;0.00000;0.00000;0.00000;0.00000 
['0x50'];57162.739;0.0020;-0.0015;1.0015;0.0000;0.0000;0.0000;-0.0165;0.0000;128.9630;0.0000;0;0;0;0.00000;0.00000;0.00000;0.00000 
['0x50'];57162.804;-0.0005;-0.0005;0.9995;0.0000;0.0000;0.0000;-0.0165;0.0000;129.0125;0.0000;0;0;0;0.00000;0.00000;0.00000;0.00000 
['0x50'];57162.903;0.0015;0.0010;0.9995;0.0000;0.0000;0.0000;-0.0110;0.0000;129.0564;0.0000;0;0;0;0.00000;0.00000;0.00000;0.00000 
['0x50'];57163.002;0.0000;-0.0010;0.9995;0.0000;0.0000;0.0000;-0.0165;0.0000;129.1058;0.0000;0;0;0;0.00000;0.00000;0.00000;0.00000 
['0x50'];57163.113;-0.0005;-0.0020;1.0005;0.0000;0.0000;0.0000;-0.0165;0.0000;129.1498;0.0000;0;0;0;0.00000;0.00000;0.00000;0.00000 
['0x50'];57163.2;0.0000;0.0010;0.9995;0.0000;0.0000;0.0000;-0.0165;0.0000;129.1827;0.0000;0;0;0;0.00000;0.00000;0.00000;0.00000 
['0x50'];57163.334;-0.0024;-0.0024;0.9985;0.0000;0.0000;0.0000;-0.0165;0.0000;129.2157;0.0000;0;0;0;0.00000;0.00000;0.00000;0.00000 
['0x50'];57163.399;0.0020;0.0034;0.9985;0.0000;0.0000;0.0000;-0.0165;0.0000;129.2487;0.0000;0;0;0;0.00000;0.00000;0.00000;0.00000 
['0x50'];57163.497;-0.0005;-0.0044;1.0015;0.0000;0.0000;0.0000;-0.0110;0.0000;129.2761;0.0000;0;0;0;0.00000;0.00000;0.00000;0.00000 
['0x50'];57163.595;-0.0024;-0.0039;1.0005;0.0000;0.0000;0.0000;-0.0165;0.0000;129.3091;0.0000;0;0;0;0.00000;0.00000;0.00000;0.00000 
['0x50'];57163.694;0.0005;-0.0010;1.0015;0.0000;0.0000;0.0000;-0.0110;0.0000;129.3311;0.0000;0;0;0;0.00000;0.00000;0.00000;0.00000 
['0x50'];57163.793;0.0015;-0.0015;1.0005;0.0000;0.0000;0.0000;-0.0165;0.0000;129.3640;0.0000;0;0;0;0.00000;0.00000;0.00000;0.00000 
['0x50'];57163.892;0.0005;0.0000;1.0000;0.0000;0.0000;0.0000;-0.0110;0.0000;129.3860;0.0000;0;0;0;0.00000;0.00000;0.00000;0.00000 
['0x50'];57163.991;0.0000;0.0005;1.0015;0.0000;0.0000;0.0000;-0.0165;0.0000;129.4189;0.0000;0;0;0;0.00000;0.00000;0.00000;0.00000 
['0x50'];57164.089;0.0000;-0.0029;1.0015;0.0000;0.0000;0.0000;-0.0165;0.0000;129.4354;0.0000;0;0;0;0.00000;0.00000;0.00000;0.00000 
['0x50'];57164.187;0.0015;0.0010;1.0005;0.0000;0.0000;0.0000;-0.0165;0.0000;129.4574;0.0000;0;0;0;0.00000;0.00000;0.00000;0.00000 
['0x50'];57164.287;0.0000;0.0005;0.9985;0.0000;0.0000;0.0000;-0.0165;0.0000;129.4739;0.0000;0;0;0;0.00000;0.00000;0.00000;0.00000 
['0x50'];57164.385;0.0005;0.0010;0.9995;0.0000;0.0000;0.0000;-0.0165;0.0000;129.4904;0.0000;0;0;0;0.00000;0.00000;0.00000;0.00000 
['0x50'];57164.485;0.0000;-0.0020;1.0005;0.0000;0.0000;0.0000;-0.0165;0.0000;129.5123;0.0000;0;0;0;0.00000;0.00000;0.00000;0.00000 
['0x50'];57164.583;-0.0005;-0.0005;0.9995;0.0000;0.0000;0.0000;-0.0165;0.0000;129.5343;0.0000;0;0;0;0.00000;0.00000;0.00000;0.00000 
['0x50'];57164.683;-0.0005;0.0000;0.9995;0.0000;0.0000;0.0000;-0.0165;0.0000;129.5508;0.0000;0;0;0;0.00000;0.00000;0.00000;0.00000 
['0x50'];57164.781;0.0000;-0.0005;1.0000;0.0000;0.0000;0.0000;-0.0165;0.0000;129.5618;0.0000;0;0;0;0.00000;0.00000;0.00000;0.00000 
['0x50'];57164.88;0.0000;-0.0010;1.0000;0.0000;0.0000;0.0000;-0.0165;0.0000;129.5782;0.0000;0;0;0;0.00000;0.00000;0.00000;0.00000 
['0x50'];57164.988;0.0010;-0.0015;1.0000;0.0000;0.0000;0.0000;-0.0165;0.0000;129.5892;0.0000;0;0;0;0.00000;0.00000;0.00000;0.00000 
['0x50'];57165.077;0.0000;0.0000;0.9995;0.0000;0.0000;0.0000;-0.0165;0.0000;129.6057;0.0000;0;0;0;0.00000;0.00000;0.00000;0.00000 
['0x50'];57165.208;-0.0005;0.0000;0.9990;0.0000;0.0000;0.0000;-0.0165;0.0000;129.6167;0.0000;0;0;0;0.00000;0.00000;0.00000;0.00000 
['0x50'];57165.275;0.0005;0.0000;0.9995;0.0000;0.0000;0.0000;-0.0220;0.0000;129.6332;0.0000;0;0;0;0.00000;0.00000;0.00000;0.00000 
['0x50'];57165.374;-0.0010;-0.0015;0.9995;0.0000;0.0000;0.0000;-0.0220;0.0000;129.6497;0.0000;0;0;0;0.00000;0.00000;0.00000;0.00000 
['0x50'];57165.473;0.0000;-0.0005;0.9990;0.0000;0.0000;0.0000;-0.0165;0.0000;129.6606;0.0000;0;0;0;0.00000;0.00000;0.00000;0.00000 
['0x50'];57165.578;0.0015;0.0000;1.0000;0.0000;0.0000;0.0000;-0.0220;0.0000;129.6716;0.0000;0;0;0;0.00000;0.00000;0.00000;0.00000 
['0x50'];57165.67;0.0000;0.0005;0.9985;0.0000;0.0000;0.0000;-0.0220;0.0000;129.6771;0.0000;0;0;0;0.00000;0.00000;0.00000;0.00000 
['0x50'];57165.791;0.0000;-0.0010;0.9995;0.0000;0.0000;0.0000;-0.0165;0.0000;129.6881;0.0000;0;0;0;0.00000;0.00000;0.00000;0.00000 
['0x50'];57165.868;0.0000;-0.0015;1.0000;0.0000;0.0000;0.0000;-0.0220;0.0000;129.7046;0.0000;0;0;0;0.00000;0.00000;0.00000;0.00000 
['0x50'];57165.967;0.0005;0.0000;1.0000;0.0000;0.0000;0.0000;-0.0220;0.0000;129.7101;0.0000;0;0;0;0.00000;0.00000;0.00000;0.00000 
['0x50'];57166.066;0.0000;0.0015;0.9990;0.0000;0.0000;0.0000;-0.0220;0.0000;129.7211;0.0000;0;0;0;0.00000;0.00000;0.00000;0.00000 
['0x50'];57166.165;0.0005;0.0000;1.0005;0.0000;0.0000;0.0000;-0.0220;0.0000;129.7266;0.0000;0;0;0;0.00000;0.00000;0.00000;0.00000 
['0x50'];57166.263;-0.0010;-0.0020;1.0005;0.0000;0.0000;0.0000;-0.0220;0.0000;129.7375;0.0000;0;0;0;0.00000;0.00000;0.00000;0.00000 
['0x50'];57166.406;0.0000;-0.0005;0.9995;0.0000;0.0000;0.0000;-0.0220;0.0000;129.7430;0.0000;0;0;0;0.00000;0.00000;0.00000;0.00000 
['0x50'];57166.461;0.0005;-0.0010;0.9995;0.0000;0.0000;0.0000;-0.0220;0.0000;129.7485;0.0000;0;0;0;0.00000;0.00000;0.00000;0.00000 
['0x50'];57166.583;0.0005;0.0000;0.9995;0.0000;0.0000;0.0000;-0.0220;0.0000;129.7595;0.0000;0;0;0;0.00000;0.00000;0.00000;0.00000 
['0x50'];57166.659;0.0000;-0.0005;1.0010;0.0000;0.0000;0.0000;-0.0220;0.0000;129.7650;0.0000;0;0;0;0.00000;0.00000;0.00000;0.00000 
['0x50'];57166.758;-0.0005;0.0000;1.0000;0.0000;0.0000;0.0000;-0.0220;0.0000;129.7650;0.0000;0;0;0;0.00000;0.00000;0.00000;0.00000 
['0x50'];57166.857;-0.0005;-0.0010;1.0005;0.0000;0.0000;0.0000;-0.0220;0.0000;129.7705;0.0000;0;0;0;0.00000;0.00000;0.00000;0.00000 
['0x50'];57166.974;0.0000;-0.0020;1.0015;0.0000;0.0000;0.0000;-0.0220;0.0000;129.7705;0.0000;0;0;0;0.00000;0.00000;0.00000;0.00000 
['0x50'];57167.055;0.0020;0.0029;0.9990;0.0000;0.0000;0.0000;-0.0220;0.0000;129.7705;0.0000;0;0;0;0.00000;0.00000;0.00000;0.00000 
['0x50'];57167.192;0.0024;0.0024;1.0024;0.0000;0.0000;0.0000;-0.0220;0.0000;129.7760;0.0000;0;0;0;0.00000;0.00000;0.00000;0.00000 
['0x50'];57167.253;0.0000;0.0005;1.0010;0.0000;0.0000;0.0000;-0.0220;0.0000;129.7760;0.0000;0;0;0;0.00000;0.00000;0.00000;0.00000 
['0x50'];57167.352;-0.0015;0.0020;0.9961;0.0000;0.0000;0.0000;-0.0220;0.0000;129.7760;0.0000;0;0;0;0.00000;0.00000;0.00000;0.00000 
['0x50'];57167.45;0.0000;0.0000;0.9990;0.0000;0.0000;0.0000;-0.0220;0.0000;129.7650;0.0000;0;0;0;0.00000;0.00000;0.00000;0.00000 
['0x50'];57167.549;0.0020;-0.0024;1.0010;0.0000;0.0000;0.0000;-0.0275;0.0000;129.7595;0.0000;0;0;0;0.00000;0.00000;0.00000;0.00000 
['0x50'];57167.648;0.0005;-0.0029;1.0005;0.0000;0.0000;0.0000;-0.0275;0.0000;129.7540;0.0000;0;0;0;0.00000;0.00000;0.00000;0.00000 
['0x50'];57167.747;0.0015;0.0000;1.0000;0.0000;0.0000;0.0000;-0.0275;0.0000;129.7430;0.0000;0;0;0;0.00000;0.00000;0.00000;0.00000 
['0x50'];57167.845;-0.0024;0.0000;0.9976;0.0000;0.0000;0.0000;-0.0275;0.0000;129.7321;0.0000;0;0;0;0.00000;0.00000;0.00000;0.00000 
['0x50'];57167.944;-0.0005;-0.0024;0.9995;0.0000;0.0000;0.0000;-0.0220;0.0000;129.7211;0.0000;0;0;0;0.00000;0.00000;0.00000;0.00000 
['0x50'];57168.043;-0.0010;-0.0010;1.0020;0.0000;0.0000;0.0000;-0.0275;0.0000;129.7101;0.0000;0;0;0;0.00000;0.00000;0.00000;0.00000 
['0x50'];57168.142;-0.0015;0.0029;0.9990;0.0000;0.0000;0.0000;-0.0275;0.0000;129.6936;0.0000;0;0;0;0.00000;0.00000;0.00000;0.00000 
['0x50'];57168.242;-0.0010;-0.0005;0.9995;0.0000;0.0000;0.0000;-0.0220;0.0000;129.6771;0.0000;0;0;0;0.00000;0.00000;0.00000;0.00000 
['0x50'];57168.34;-0.0015;-0.0024;0.9985;0.0000;0.0000;0.0000;-0.0220;0.0000;129.6552;0.0000;0;0;0;0.00000;0.00000;0.00000;0.00000 
['0x50'];57168.458;-0.0010;-0.0024;1.0005;0.0000;0.0000;0.0000;-0.0220;0.0000;129.6332;0.0000;0;0;0;0.00000;0.00000;0.00000;0.00000 
['0x50'];57168.537;0.0010;0.0015;1.0000;0.0000;0.0000;0.0000;-0.0275;0.0000;129.6167;0.0000;0;0;0;0.00000;0.00000;0.00000;0.00000 
['0x50'];57168.636;0.0034;0.0000;1.0015;0.0000;0.0000;0.0000;-0.0220;0.0055;129.5892;0.0000;0;0;0;0.00000;0.00000;0.00000;0.00000 
['0x50'];57168.735;-0.0020;0.0015;0.9985;0.0000;0.0000;0.0000;-0.0220;0.0000;129.5673;0.0000;0;0;0;0.00000;0.00000;0.00000;0.00000 
['0x50'];57168.837;-0.0029;-0.0024;0.9995;0.0000;0.0000;0.0000;-0.0220;0.0000;129.5398;0.0000;0;0;0;0.00000;0.00000;0.00000;0.00000 
['0x50'];57168.933;-0.0005;0.0005;1.0010;0.0000;0.0000;0.0000;-0.0220;0.0000;129.5123;0.0000;0;0;0;0.00000;0.00000;0.00000;0.00000 
['0x50'];57169.056;0.0024;0.0010;1.0000;0.0000;0.0000;0.0000;-0.0220;0.0000;129.4849;0.0000;0;0;0;0.00000;0.00000;0.00000;0.00000 
['0x50'];57169.13;0.0044;-0.0010;1.0000;0.0000;0.0000;0.0000;-0.0220;0.0000;129.4574;0.0000;0;0;0;0.00000;0.00000;0.00000;0.00000 
['0x50'];57169.229;0.0034;-0.0010;1.0000;0.0000;0.0000;0.0000;-0.0220;0.0000;129.4244;0.0000;0;0;0;0.00000;0.00000;0.00000;0.00000 
['0x50'];57169.329;0.0034;-0.0010;1.0024;0.0000;0.0000;0.0000;-0.0220;0.0000;129.3915;0.0000;0;0;0;0.00000;0.00000;0.00000;0.00000 
['0x50'];57169.443;0.0029;-0.0005;1.0000;0.0000;0.0000;0.0000;-0.0220;0.0000;129.3640;0.0000;0;0;0;0.00000;0.00000;0.00000;0.00000 
['0x50'];57169.526;0.0000;0.0000;0.9976;0.0000;0.0000;0.0000;-0.0220;0.0000;129.3365;0.0000;0;0;0;0.00000;0.00000;0.00000;0.00000 
['0x50'];57169.665;0.0000;0.0000;0.9980;0.0000;0.0000;0.0000;-0.0220;0.0000;129.2981;0.0000;0;0;0;0.00000;0.00000;0.00000;0.00000 
['0x50'];57169.724;-0.0024;-0.0010;1.0000;0.0000;0.0000;0.0000;-0.0220;0.0000;129.2706;0.0000;0;0;0;0.00000;0.00000;0.00000;0.00000 
['0x50'];57169.833;0.0005;-0.0010;1.0005;0.0000;0.0000;0.0000;-0.0220;0.0000;129.2377;0.0000;0;0;0;0.00000;0.00000;0.00000;0.00000 
['0x50'];57169.92;0.0024;0.0000;1.0000;0.0000;0.0000;0.0000;-0.0220;0.0000;129.2047;0.0000;0;0;0;0.00000;0.00000;0.00000;0.00000 
['0x50'];57170.053;0.0010;0.0000;0.9995;0.0000;0.0000;0.0000;-0.0165;0.0000;129.1663;0.0000;0;0;0;0.00000;0.00000;0.00000;0.00000 
['0x50'];57170.119;0.0010;0.0044;1.0029;0.0000;0.0000;0.0000;-0.0165;0.0000;129.1333;0.0000;0;0;0;0.00000;0.00000;0.00000;0.00000 
['0x50'];57170.218;0.0015;0.0000;1.0010;0.0000;0.0000;0.0000;-0.0165;0.0000;129.1113;0.0000;0;0;0;0.00000;0.00000;0.00000;0.00000 
['0x50'];57170.316;-0.0005;-0.0020;0.9995;0.0000;0.0000;0.0000;-0.0165;0.0000;129.0839;0.0000;0;0;0;0.00000;0.00000;0.00000;0.00000 
['0x50'];57170.426;0.0000;-0.0010;1.0005;0.0000;0.0000;0.0000;-0.0165;0.0000;129.0564;0.0000;0;0;0;0.00000;0.00000;0.00000;0.00000 
['0x50'];57170.514;0.0010;0.0015;1.0000;0.0000;0.0000;0.0000;-0.0165;0.0000;129.0289;0.0000;0;0;0;0.00000;0.00000;0.00000;0.00000 
['0x50'];57170.645;0.0010;0.0010;1.0005;0.0000;0.0000;0.0000;-0.0110;0.0000;129.0070;0.0000;0;0;0;0.00000;0.00000;0.00000;0.00000 
['0x50'];57170.711;0.0015;-0.0015;1.0005;0.0000;0.0000;0.0000;-0.0165;0.0000;128.9905;0.0000;0;0;0;0.00000;0.00000;0.00000;0.00000 
['0x50'];57170.81;0.0010;0.0000;1.0005;0.0000;0.0000;0.0000;-0.0165;0.0000;128.9685;0.0000;0;0;0;0.00000;0.00000;0.00000;0.00000 
['0x50'];57170.909;0.0010;0.0000;1.0015;0.0000;0.0000;0.0000;-0.0165;0.0000;128.9465;0.0000;0;0;0;0.00000;0.00000;0.00000;0.00000 
['0x50'];57171.05;0.0000;-0.0010;1.0005;0.0000;0.0000;0.0000;-0.0165;0.0000;128.9246;0.0000;0;0;0;0.00000;0.00000;0.00000;0.00000 
['0x50'];57171.107;0.0000;-0.0005;1.0005;0.0000;0.0000;0.0000;-0.0110;0.0000;128.8971;0.0000;0;0;0;0.00000;0.00000;0.00000;0.00000 
['0x50'];57171.205;0.0000;-0.0020;0.9995;0.0000;0.0000;0.0000;-0.0165;0.0000;128.8806;0.0000;0;0;0;0.00000;0.00000;0.00000;0.00000 
['0x50'];57171.304;0.0000;-0.0005;0.9995;0.0000;0.0000;0.0000;-0.0110;0.0000;128.8586;0.0000;0;0;0;0.00000;0.00000;0.00000;0.00000 
['0x50'];57171.404;0.0005;0.0005;1.0005;0.0000;0.0000;0.0000;-0.0110;0.0000;128.8422;0.0000;0;0;0;0.00000;0.00000;0.00000;0.00000 
['0x50'];57171.502;0.0005;0.0005;0.9995;0.0000;0.0000;0.0000;-0.0110;0.0000;128.8257;0.0000;0;0;0;0.00000;0.00000;0.00000;0.00000 
['0x50'];57171.601;0.0000;0.0000;0.9995;0.0000;0.0000;0.0000;-0.0110;0.0000;128.8092;0.0000;0;0;0;0.00000;0.00000;0.00000;0.00000 
['0x50'];57171.7;0.0010;0.0029;1.0005;0.0000;0.0000;0.0000;-0.0110;0.0000;128.7982;0.0000;0;0;0;0.00000;0.00000;0.00000;0.00000 
['0x50'];57171.799;-0.0010;-0.0020;1.0000;0.0000;0.0000;0.0000;-0.0110;0.0000;128.7817;0.0000;0;0;0;0.00000;0.00000;0.00000;0.00000 
['0x50'];57171.902;-0.0034;0.0029;0.9985;0.0000;0.0000;0.0000;-0.0110;0.0000;128.7653;0.0000;0;0;0;0.00000;0.00000;0.00000;0.00000 
['0x50'];57171.996;-0.0029;-0.0020;0.9966;0.0000;0.0000;0.0000;-0.0110;0.0000;128.7488;0.0000;0;0;0;0.00000;0.00000;0.00000;0.00000 
['0x50'];57172.119;0.0005;0.0010;1.0000;0.0000;0.0000;0.0000;-0.0110;0.0000;128.7378;0.0000;0;0;0;0.00000;0.00000;0.00000;0.00000 
['0x50'];57172.194;0.0000;0.0015;1.0000;0.0000;0.0000;0.0000;-0.0110;0.0000;128.7268;0.0000;0;0;0;0.00000;0.00000;0.00000;0.00000 
['0x50'];57172.292;0.0010;0.0034;1.0000;0.0000;0.0000;0.0000;-0.0110;0.0000;128.7158;0.0000;0;0;0;0.00000;0.00000;0.00000;0.00000 
['0x50'];57172.392;-0.0005;0.0000;0.9990;0.0000;0.0000;0.0000;-0.0110;0.0000;128.7048;0.0000;0;0;0;0.00000;0.00000;0.00000;0.00000 
['0x50'];57172.49;-0.0005;-0.0005;1.0000;0.0000;0.0000;0.0000;-0.0110;0.0000;128.6993;0.0000;0;0;0;0.00000;0.00000;0.00000;0.00000 
['0x50'];57172.589;0.0015;0.0024;0.9985;0.0000;0.0000;0.0000;-0.0110;0.0000;128.6938;0.0000;0;0;0;0.00000;0.00000;0.00000;0.00000 
['0x50'];57172.707;-0.0010;-0.0020;1.0000;0.0000;0.0000;0.0000;-0.0110;0.0000;128.6829;0.0000;0;0;0;0.00000;0.00000;0.00000;0.00000 
['0x50'];57172.787;-0.0044;0.0000;0.9980;0.0000;0.0000;0.0000;-0.0110;0.0000;128.6774;0.0000;0;0;0;0.00000;0.00000;0.00000;0.00000 
['0x50'];57172.885;0.0000;0.0005;1.0005;0.0000;0.0000;0.0000;-0.0110;0.0000;128.6719;0.0000;0;0;0;0.00000;0.00000;0.00000;0.00000 
['0x50'];57172.985;0.0000;0.0000;0.9995;0.0000;0.0000;0.0000;-0.0110;0.0000;128.6664;0.0000;0;0;0;0.00000;0.00000;0.00000;0.00000 
['0x50'];57173.083;0.0015;-0.0005;0.9990;0.0000;0.0000;0.0000;-0.0110;0.0000;128.6609;0.0000;0;0;0;0.00000;0.00000;0.00000;0.00000 
['0x50'];57173.182;0.0010;-0.0005;0.9990;0.0000;0.0000;0.0000;-0.0110;0.0000;128.6554;0.0000;0;0;0;0.00000;0.00000;0.00000;0.00000 
['0x50'];57173.296;0.0000;0.0005;0.9995;0.0000;0.0000;0.0000;-0.0110;0.0000;128.6444;0.0000;0;0;0;0.00000;0.00000;0.00000;0.00000 
['0x50'];57173.379;-0.0005;-0.0010;1.0000;0.0000;0.0000;0.0000;-0.0110;0.0000;128.6334;0.0000;0;0;0;0.00000;0.00000;0.00000;0.00000 
['0x50'];57173.513;0.0010;0.0000;1.0000;0.0000;0.0000;0.0000;-0.0110;0.0000;128.6334;0.0000;0;0;0;0.00000;0.00000;0.00000;0.00000 
['0x50'];57173.577;0.0000;0.0000;1.0000;0.0000;0.0000;0.0000;-0.0110;0.0000;128.6334;0.0000;0;0;0;0.00000;0.00000;0.00000;0.00000 
['0x50'];57173.676;0.0000;-0.0010;0.9995;0.0000;0.0000;0.0000;-0.0110;0.0000;128.6279;0.0000;0;0;0;0.00000;0.00000;0.00000;0.00000 
['0x50'];57173.775;0.0000;0.0000;0.9995;0.0000;0.0000;0.0000;-0.0110;0.0000;128.6224;0.0000;0;0;0;0.00000;0.00000;0.00000;0.00000 
['0x50'];57173.874;0.0000;-0.0005;0.9995;0.0000;0.0000;0.0000;-0.0110;0.0000;128.6169;0.0000;0;0;0;0.00000;0.00000;0.00000;0.00000 
['0x50'];57173.972;0.0005;-0.0015;0.9995;0.0000;0.0000;0.0000;-0.0110;0.0000;128.6115;0.0000;0;0;0;0.00000;0.00000;0.00000;0.00000 
['0x50'];57174.103;0.0010;0.0000;1.0000;0.0000;0.0000;0.0000;-0.0110;0.0000;128.6060;0.0000;0;0;0;0.00000;0.00000;0.00000;0.00000 
['0x50'];57174.17;-0.0005;-0.0005;1.0010;0.0000;0.0000;0.0000;-0.0110;0.0000;128.6060;0.0000;0;0;0;0.00000;0.00000;0.00000;0.00000 
['0x50'];57174.269;0.0000;-0.0010;1.0229;0.0000;0.0000;0.0000;-0.0110;0.0000;128.6005;0.0000;0;0;0;0.00000;0.00000;0.00000;0.00000 
['0x50'];57174.368;-0.0005;0.0000;1.0273;0.0000;0.0000;0.0000;-0.0110;0.0000;128.5950;0.0000;0;0;0;0.00000;0.00000;0.00000;0.00000 
['0x50'];57174.467;-0.0005;0.0000;1.0435;0.0000;0.0000;0.0000;-0.0110;0.0000;128.5840;0.0000;0;0;0;0.00000;0.00000;0.00000;0.00000 
['0x50'];57174.566;-0.0005;-0.0005;1.0493;0.0000;0.0000;0.0000;-0.0110;0.0000;128.5675;0.0000;0;0;0;0.00000;0.00000;0.00000;0.00000 
['0x50'];57174.664;-0.0005;0.0005;1.0645;0.0000;0.0000;0.0000;-0.0110;0.0000;128.5455;0.0000;0;0;0;0.00000;0.00000;0.00000;0.00000 
['0x50'];57174.764;0.0000;0.0010;1.0742;0.0000;0.0000;0.0000;-0.0055;0.0000;128.5181;0.0000;0;0;0;0.00000;0.00000;0.00000;0.00000 
['0x50'];57174.862;-0.0015;-0.0010;1.0723;0.0000;0.0000;0.0000;-0.0055;0.0000;128.4796;0.0000;0;0;0;0.00000;0.00000;0.00000;0.00000 
['0x50'];57174.961;0.0000;0.0000;1.0713;0.0000;0.0000;0.0000;-0.0055;0.0000;128.4192;0.0000;0;0;0;0.00000;0.00000;0.00000;0.00000 
['0x50'];57175.06;-0.0005;0.0000;1.0723;0.0000;0.0000;0.0000;-0.0055;0.0000;128.3258;0.0000;0;0;0;0.00000;0.00000;0.00000;0.00000 
['0x50'];57175.159;-0.0015;-0.0020;1.0713;0.0000;0.0000;0.0000;-0.0110;0.0000;128.2159;0.0000;0;0;0;0.00000;0.00000;0.00000;0.00000 
['0x50'];57175.258;0.0005;0.0005;1.0767;0.0000;0.0000;0.0000;-0.0055;0.0000;128.0786;0.0000;0;0;0;0.00000;0.00000;0.00000;0.00000 
['0x50'];57175.356;0.0015;0.0005;1.0713;0.0000;0.0000;0.0000;-0.0055;0.0000;127.9083;0.0000;0;0;0;0.00000;0.00000;0.00000;0.00000 
['0x50'];57175.455;0.0000;0.0000;1.0723;0.0000;0.0000;0.0000;-0.0055;0.0000;127.7161;0.0000;0;0;0;0.00000;0.00000;0.00000;0.00000 
['0x50'];57175.556;0.0029;0.0073;1.0654;0.0000;0.0000;0.0000;-0.0055;0.0000;127.4963;0.0000;0;0;0;0.00000;0.00000;0.00000;0.00000 
['0x50'];57175.653;0.0010;-0.0029;1.0625;0.0000;0.0000;0.0000;-0.0055;0.0000;127.2546;0.0000;0;0;0;0.00000;0.00000;0.00000;0.00000 
['0x50'];57175.764;-0.0005;-0.0015;1.0425;0.0000;0.0000;0.0000;-0.0055;0.0000;126.9855;0.0000;0;0;0;0.00000;0.00000;0.00000;0.00000 
['0x50'];57175.85;0.0000;0.0000;1.0376;0.0000;0.0000;0.0000;-0.0055;0.0000;126.7053;0.0000;0;0;0;0.00000;0.00000;0.00000;0.00000 
['0x50'];57175.981;0.0005;-0.0005;1.0225;0.0000;0.0000;0.0000;-0.0055;0.0000;126.3977;0.0000;0;0;0;0.00000;0.00000;0.00000;0.00000 
['0x50'];57176.049;0.0000;0.0044;1.0103;0.0000;0.0000;0.0000;-0.0055;0.0000;126.0791;0.0000;0;0;0;0.00000;0.00000;0.00000;0.00000 
['0x50'];57176.162;-0.0005;-0.0059;1.0107;0.0000;0.0000;0.0000;-0.0110;0.0000;125.7275;0.0000;0;0;0;0.00000;0.00000;0.00000;0.00000 
['0x50'];57176.246;-0.0010;-0.0005;0.9941;0.0000;0.0000;0.0000;-0.0055;0.0000;125.3375;0.0000;0;0;0;0.00000;0.00000;0.00000;0.00000 
['0x50'];57176.444;0.0000;0.0029;1.0005;0.0000;0.0000;0.0000;-0.0110;0.0000;124.9146;0.0000;0;0;0;0.00000;0.00000;0.00000;0.00000 
['0x50'];57176.444;0.0000;-0.0010;0.9951;0.0000;0.0000;0.0000;-0.0055;0.0000;124.4312;0.0000;0;0;0;0.00000;0.00000;0.00000;0.00000 
['0x50'];57176.543;0.0015;0.0020;1.0054;0.0000;0.0000;0.0000;-0.0110;0.0000;123.8818;0.0000;0;0;0;0.00000;0.00000;0.00000;0.00000 
['0x50'];57176.663;-0.0005;-0.0059;0.9995;0.0000;0.0000;0.0000;-0.0055;-0.0055;123.2611;0.0000;0;0;0;0.00000;0.00000;0.00000;0.00000 
['0x50'];57176.797;0.0005;-0.0005;1.0020;0.0000;0.0000;0.0000;-0.0055;-0.0055;122.5800;0.0000;0;0;0;0.00000;0.00000;0.00000;0.00000 
['0x50'];57176.841;0.0000;0.0024;0.9971;0.0000;0.0000;0.0000;-0.0110;-0.0055;121.8494;0.0000;0;0;0;0.00000;0.00000;0.00000;0.00000 
['0x50'];57177.001;0.0010;0.0005;1.0020;0.0000;0.0000;0.0000;-0.0110;-0.0055;121.0968;0.0000;0;0;0;0.00000;0.00000;0.00000;0.00000 
['0x50'];57177.044;0.0015;0.0000;0.9995;0.0000;0.0000;0.0000;-0.0110;-0.0055;120.3607;0.0000;0;0;0;0.00000;0.00000;0.00000;0.00000 
['0x50'];57177.216;-0.0020;-0.0020;1.0034;0.0000;0.0000;0.0000;-0.0110;-0.0055;119.6741;0.0000;0;0;0;0.00000;0.00000;0.00000;0.00000 
['0x50'];57177.237;0.0000;0.0029;0.9985;0.0000;0.0000;0.0000;-0.0055;-0.0055;119.0424;0.0000;0;0;0;0.00000;0.00000;0.00000;0.00000 
['0x50'];57177.333;0.0010;0.0000;0.9976;0.0000;0.0000;0.0000;-0.0110;-0.0055;118.4985;0.0000;0;0;0;0.00000;0.00000;0.00000;0.00000 
['0x50'];57177.432;0.0020;0.0024;1.0039;0.0000;0.0000;0.0000;-0.0110;-0.0055;118.0261;0.0000;0;0;0;0.00000;0.00000;0.00000;0.00000 
['0x50'];57177.531;-0.0010;-0.0005;0.9946;0.0000;0.0000;0.0000;-0.0110;-0.0055;117.6141;0.0000;0;0;0;0.00000;0.00000;0.00000;0.00000 
['0x50'];57177.637;-0.0005;-0.0015;1.0005;0.0000;0.0000;0.0000;-0.0110;-0.0055;117.2736;0.0000;0;0;0;0.00000;0.00000;0.00000;0.00000 
['0x50'];57177.73;-0.0020;-0.0024;1.0020;0.0000;0.0000;0.0000;-0.0110;-0.0055;116.9989;0.0000;0;0;0;0.00000;0.00000;0.00000;0.00000 
['0x50'];57177.859;-0.0005;0.0005;0.9956;0.0000;0.0000;0.0000;-0.0165;-0.0055;116.7792;0.0000;0;0;0;0.00000;0.00000;0.00000;0.00000 
['0x50'];57177.926;0.0044;0.0020;1.0049;0.0000;0.0000;0.0000;-0.0110;-0.0110;116.5979;0.0000;0;0;0;0.00000;0.00000;0.00000;0.00000 
['0x50'];57178.078;0.0039;0.0000;0.9990;0.0000;0.0000;0.0000;-0.0165;-0.0055;116.4661;0.0000;0;0;0;0.00000;0.00000;0.00000;0.00000 
['0x50'];57178.124;-0.0010;0.0015;1.0005;0.0000;0.0000;0.0000;-0.0110;-0.0055;116.3782;0.0000;0;0;0;0.00000;0.00000;0.00000;0.00000 
['0x50'];57178.223;0.0000;0.0015;1.0024;0.0000;0.0000;0.0000;-0.0110;-0.0055;116.3177;0.0000;0;0;0;0.00000;0.00000;0.00000;0.00000 
['0x50'];57178.323;0.0005;-0.0010;0.9946;0.0000;0.0000;0.0000;-0.0055;-0.0110;116.2793;0.0000;0;0;0;0.00000;0.00000;0.00000;0.00000 
['0x50'];57178.489;0.0024;0.0034;1.0044;0.0000;0.0000;0.0000;-0.0055;-0.0110;116.2738;0.0000;0;0;0;0.00000;0.00000;0.00000;0.00000 
['0x50'];57178.532;0.0020;-0.0010;0.9961;0.0000;0.0000;0.0000;-0.0055;-0.0110;116.2903;0.0000;0;0;0;0.00000;0.00000;0.00000;0.00000 
['0x50'];57178.619;0.0000;0.0005;1.0005;0.0000;0.0000;0.0000;-0.0055;-0.0110;116.3232;0.0000;0;0;0;0.00000;0.00000;0.00000;0.00000 
['0x50'];57178.717;-0.0024;0.0010;0.9976;0.0000;0.0000;0.0000;0.0000;-0.0110;116.3892;0.0000;0;0;0;0.00000;0.00000;0.00000;0.00000 
['0x50'];57178.832;-0.0015;0.0000;0.9956;0.0000;0.0000;0.0000;-0.0055;-0.0110;116.4716;0.0000;0;0;0;0.00000;0.00000;0.00000;0.00000 
['0x50'];57178.915;0.0005;-0.0005;0.9990;0.0000;0.0000;0.0000;0.0000;-0.0110;116.5704;0.0000;0;0;0;0.00000;0.00000;0.00000;0.00000 
['0x50'];57179.014;-0.0005;0.0000;1.0005;0.0000;0.0000;0.0000;0.0000;-0.0110;116.6803;0.0000;0;0;0;0.00000;0.00000;0.00000;0.00000 
['0x50'];57179.113;0.0000;0.0015;1.0024;0.0000;0.0000;0.0000;0.0000;-0.0165;116.7792;0.0000;0;0;0;0.00000;0.00000;0.00000;0.00000 
['0x50'];57179.24;0.0000;-0.0005;0.9971;0.0000;0.0000;0.0000;0.0000;-0.0110;116.8616;0.0000;0;0;0;0.00000;0.00000;0.00000;0.00000 
['0x50'];57179.311;0.0010;0.0015;1.0010;0.0000;0.0000;0.0000;0.0000;-0.0110;116.9000;0.0000;0;0;0;0.00000;0.00000;0.00000;0.00000 
['0x50'];57179.409;0.0000;-0.0015;1.0010;0.0000;0.0000;0.0000;0.0000;-0.0165;116.9000;0.0000;0;0;0;0.00000;0.00000;0.00000;0.00000 
['0x50'];57179.508;-0.0005;0.0005;1.0034;0.0000;0.0000;0.0000;0.0000;-0.0165;116.8671;0.0000;0;0;0;0.00000;0.00000;0.00000;0.00000 
['0x50'];57179.634;0.0010;0.0000;0.9922;0.0000;0.0000;0.0000;0.0000;-0.0165;116.8176;0.0000;0;0;0;0.00000;0.00000;0.00000;0.00000 
['0x50'];57179.706;0.0020;0.0015;1.0034;0.0000;0.0000;0.0000;0.0000;-0.0165;116.7572;0.0000;0;0;0;0.00000;0.00000;0.00000;0.00000 
['0x50'];57179.805;0.0000;-0.0015;0.9985;0.0000;0.0000;0.0000;0.0055;-0.0165;116.6748;0.0000;0;0;0;0.00000;0.00000;0.00000;0.00000 
['0x50'];57179.904;0.0020;0.0000;1.0024;0.0000;0.0000;0.0000;0.0055;-0.0220;116.5814;0.0000;0;0;0;0.00000;0.00000;0.00000;0.00000 
['0x50'];57180.082;0.0005;0.0015;0.9985;0.0000;0.0000;0.0000;0.0110;-0.0220;116.4716;0.0000;0;0;0;0.00000;0.00000;0.00000;0.00000 
['0x50'];57180.104;0.0005;0.0034;0.9976;0.0000;0.0000;0.0000;0.0165;-0.0220;116.3562;0.0000;0;0;0;0.00000;0.00000;0.00000;0.00000 
['0x50'];57180.201;0.0010;0.0098;0.9985;0.0000;0.0000;0.0000;0.0275;-0.0275;116.2244;0.0000;0;0;0;0.00000;0.00000;0.00000;0.00000 
['0x50'];57180.3;-0.0010;-0.0034;1.0039;-0.2441;0.0000;0.0000;-0.0110;-0.0110;116.1475;0.0000;0;0;0;0.00000;0.00000;0.00000;0.00000 
['0x50'];57180.398;0.0005;0.0083;0.9912;0.0610;0.0000;0.0000;0.0000;-0.0220;115.9882;0.0000;0;0;0;0.00000;0.00000;0.00000;0.00000 
['0x50'];57180.507;-0.0039;-0.0156;1.0122;-0.1831;0.0610;0.0000;0.0000;-0.0220;115.8508;0.0000;0;0;0;0.00000;0.00000;0.00000;0.00000 
['0x50'];57180.596;0.0044;0.0142;0.9883;0.0000;0.0000;0.0000;-0.0165;-0.0220;115.6970;0.0000;0;0;0;0.00000;0.00000;0.00000;0.00000 
['0x50'];57180.695;0.0044;0.0039;1.0073;0.0000;0.0000;0.0000;0.0055;-0.0275;115.5048;0.0000;0;0;0;0.00000;0.00000;0.00000;0.00000 
['0x50'];57180.793;0.0024;0.0000;0.9951;0.0000;0.0000;0.0000;-0.0110;-0.0165;115.3455;0.0000;0;0;0;0.00000;0.00000;0.00000;0.00000 
['0x50'];57180.9;0.0020;0.0063;1.0049;0.0000;0.0000;0.0000;0.0110;-0.0220;115.1367;0.0000;0;0;0;0.00000;0.00000;0.00000;0.00000 
['0x50'];57180.991;0.0005;0.0010;0.9966;0.0000;0.0000;0.0000;0.0000;-0.0220;114.9719;0.0000;0;0;0;0.00000;0.00000;0.00000;0.00000 
['0x50'];57181.092;0.0000;0.0034;0.9990;0.0000;0.0000;0.0000;0.0110;-0.0220;114.7906;0.0000;0;0;0;0.00000;0.00000;0.00000;0.00000 
['0x50'];57181.189;0.0000;-0.0015;1.0068;0.0000;0.0000;0.0000;0.0055;-0.0220;114.6478;0.0000;0;0;0;0.00000;0.00000;0.00000;0.00000 
['0x50'];57181.291;0.0010;-0.0010;0.9932;0.0000;0.0000;0.0000;0.0110;-0.0220;114.5215;0.0000;0;0;0;0.00000;0.00000;0.00000;0.00000 
['0x50'];57181.387;0.0000;0.0015;1.0059;0.0000;0.0000;0.0000;0.0110;-0.0220;114.4391;0.0000;0;0;0;0.00000;0.00000;0.00000;0.00000 
['0x50'];57181.51;-0.0015;-0.0010;0.9927;0.0000;0.0000;0.0000;0.0110;-0.0165;114.4116;0.0000;0;0;0;0.00000;0.00000;0.00000;0.00000 
['0x50'];57181.664;0.0000;0.0010;1.0024;0.0000;0.0000;0.0000;0.0110;-0.0165;114.4171;0.0000;0;0;0;0.00000;0.00000;0.00000;0.00000 
['0x50'];57181.683;0.0010;0.0020;0.9980;0.0000;0.0000;0.0000;0.0110;-0.0165;114.4666;0.0000;0;0;0;0.00000;0.00000;0.00000;0.00000 
['0x50'];57181.873;-0.0005;-0.0020;1.0000;0.0000;0.0000;0.0000;0.0110;-0.0165;114.5599;0.0000;0;0;0;0.00000;0.00000;0.00000;0.00000 
['0x50'];57181.881;-0.0005;0.0020;0.9976;0.0000;0.0000;0.0000;0.0165;-0.0165;114.6808;0.0000;0;0;0;0.00000;0.00000;0.00000;0.00000 
['0x50'];57181.98;-0.0020;-0.0039;1.0015;0.0000;0.0000;0.0000;0.0165;-0.0165;114.8181;0.0000;0;0;0;0.00000;0.00000;0.00000;0.00000 
['0x50'];57182.093;-0.0005;-0.0005;0.9937;0.0000;0.0000;0.0000;0.0110;-0.0110;114.9829;0.0000;0;0;0;0.00000;0.00000;0.00000;0.00000 
['0x50'];57182.177;-0.0015;-0.0005;1.0098;0.0000;0.0000;0.0000;0.0110;-0.0110;115.1532;0.0000;0;0;0;0.00000;0.00000;0.00000;0.00000 
['0x50'];57182.307;0.0000;-0.0015;0.9912;0.0000;0.0000;0.0000;0.0165;-0.0110;115.3235;0.0000;0;0;0;0.00000;0.00000;0.00000;0.00000 
['0x50'];57182.375;0.0000;0.0015;1.0020;0.0000;0.0000;0.0000;0.0110;-0.0110;115.4883;0.0000;0;0;0;0.00000;0.00000;0.00000;0.00000 
['0x50'];57182.525;0.0000;0.0000;0.9932;0.0000;0.0000;0.0000;0.0110;-0.0110;115.6421;0.0000;0;0;0;0.00000;0.00000;0.00000;0.00000 
['0x50'];57182.573;0.0000;-0.0010;1.0015;0.0000;0.0000;0.0000;0.0110;-0.0110;115.7849;0.0000;0;0;0;0.00000;0.00000;0.00000;0.00000 
['0x50'];57182.732;-0.0015;-0.0044;0.9976;0.0000;0.0000;0.0000;0.0110;-0.0055;115.9167;0.0000;0;0;0;0.00000;0.00000;0.00000;0.00000 
['0x50'];57182.773;-0.0029;-0.0010;1.0059;0.0000;0.0000;0.0000;0.0110;-0.0110;116.0376;0.0000;0;0;0;0.00000;0.00000;0.00000;0.00000 
['0x50'];57182.872;-0.0005;0.0049;0.9883;0.0000;0.0000;0.0000;0.0110;-0.0110;116.1420;0.0000;0;0;0;0.00000;0.00000;0.00000;0.00000 
['0x50'];57182.968;-0.0020;-0.0020;1.0039;0.0000;0.0000;0.0000;0.0110;-0.0110;116.2189;0.0000;0;0;0;0.00000;0.00000;0.00000;0.00000 
['0x50'];57183.14;0.0015;-0.0010;0.9990;0.0000;0.0000;0.0000;0.0110;-0.0110;116.2518;0.0000;0;0;0;0.00000;0.00000;0.00000;0.00000 
['0x50'];57183.171;0.0005;0.0000;0.9980;0.0000;0.0000;0.0000;0.0110;-0.0055;116.2299;0.0000;0;0;0;0.00000;0.00000;0.00000;0.00000 
['0x50'];57183.286;-0.0020;-0.0020;1.0000;0.0000;0.0000;0.0000;0.0110;-0.0055;116.1365;0.0000;0;0;0;0.00000;0.00000;0.00000;0.00000 
['0x50'];57183.363;0.0010;0.0024;0.9961;0.0000;0.0000;0.0000;0.0110;-0.0055;115.9772;0.0000;0;0;0;0.00000;0.00000;0.00000;0.00000 
['0x50'];57183.527;0.0015;0.0000;1.0020;0.0000;0.0000;0.0000;0.0110;-0.0110;115.7794;0.0000;0;0;0;0.00000;0.00000;0.00000;0.00000 
['0x50'];57183.569;-0.0010;0.0015;0.9976;0.0000;0.0000;0.0000;0.0110;-0.0110;115.5652;0.0000;0;0;0;0.00000;0.00000;0.00000;0.00000 
['0x50'];57183.746;0.0000;0.0000;1.0015;0.0000;0.0000;0.0000;0.0110;-0.0110;115.3619;0.0000;0;0;0;0.00000;0.00000;0.00000;0.00000 
['0x50'];57183.763;0.0010;0.0034;0.9990;0.0000;0.0000;0.0000;0.0110;-0.0110;115.1862;0.0000;0;0;0;0.00000;0.00000;0.00000;0.00000 
['0x50'];57183.897;0.0005;0.0015;1.0015;0.1221;0.0000;0.0000;0.0110;-0.0110;115.0269;0.0000;0;0;0;0.00000;0.00000;0.00000;0.00000 
['0x50'];57183.956;0.0024;0.0015;1.0000;0.0000;0.0000;0.0000;0.0110;-0.0110;114.9005;0.0000;0;0;0;0.00000;0.00000;0.00000;0.00000 
['0x50'];57184.095;0.0000;-0.0010;1.0005;0.0000;0.0000;0.0000;0.0110;-0.0110;114.8071;0.0000;0;0;0;0.00000;0.00000;0.00000;0.00000 
['0x50'];57184.154;-0.0020;0.0000;0.9990;0.0000;0.0000;0.0000;0.0110;-0.0110;114.7467;0.0000;0;0;0;0.00000;0.00000;0.00000;0.00000 
['0x50'];57184.252;-0.0020;-0.0005;1.0000;0.0000;0.0000;0.0000;0.0110;-0.0110;114.7192;0.0000;0;0;0;0.00000;0.00000;0.00000;0.00000 
['0x50'];57184.353;0.0005;0.0005;0.9966;0.0000;0.0000;0.0000;0.0110;-0.0110;114.7357;0.0000;0;0;0;0.00000;0.00000;0.00000;0.00000 
['0x50'];57184.45;0.0039;0.0005;1.0024;0.0000;0.0000;0.0000;0.0055;-0.0110;114.7797;0.0000;0;0;0;0.00000;0.00000;0.00000;0.00000 
['0x50'];57184.549;0.0000;-0.0039;1.0020;0.0000;0.0000;0.0000;0.0000;-0.0055;114.8511;0.0000;0;0;0;0.00000;0.00000;0.00000;0.00000 
['0x50'];57184.648;-0.0005;-0.0034;1.0010;0.0000;0.0000;0.0000;0.0220;-0.0165;114.9225;0.0000;0;0;0;0.00000;0.00000;0.00000;0.00000 
['0x50'];57184.755;0.0015;0.0000;0.9980;0.0000;0.0000;0.0000;0.0055;-0.0110;115.0433;0.0000;0;0;0;0.00000;0.00000;0.00000;0.00000 
['0x50'];57184.845;0.0005;-0.0029;0.9976;0.0000;0.0000;0.0000;0.0165;-0.0165;115.1587;0.0000;0;0;0;0.00000;0.00000;0.00000;0.00000 
['0x50'];57184.948;0.0015;0.0029;1.0044;0.0000;0.0000;0.0000;0.0110;-0.0165;115.2795;0.0000;0;0;0;0.00000;0.00000;0.00000;0.00000 
['0x50'];57185.043;0.0010;-0.0010;0.9951;0.0000;0.0000;0.0000;0.0055;-0.0165;115.3949;0.0000;0;0;0;0.00000;0.00000;0.00000;0.00000 
['0x50'];57185.161;-0.0015;0.0010;1.0029;0.0000;0.0000;0.0000;0.0110;-0.0165;115.4938;0.0000;0;0;0;0.00000;0.00000;0.00000;0.00000 
['0x50'];57185.24;0.0005;0.0000;0.9946;0.0000;0.0000;0.0000;0.0055;-0.0165;115.5927;0.0000;0;0;0;0.00000;0.00000;0.00000;0.00000 
['0x50'];57185.376;-0.0005;0.0005;0.9985;0.0000;0.0000;0.0000;0.0055;-0.0165;115.6696;0.0000;0;0;0;0.00000;0.00000;0.00000;0.00000 
['0x50'];57185.438;0.0039;0.0029;1.0034;0.0000;0.0000;-0.0610;0.0055;-0.0165;115.7574;0.0000;0;0;0;0.00000;0.00000;0.00000;0.00000 
['0x50'];57185.583;-0.0005;-0.0034;1.0005;0.0000;0.0000;0.0000;0.0055;-0.0220;115.8453;0.0000;0;0;0;0.00000;0.00000;0.00000;0.00000 
['0x50'];57185.636;0.0039;0.0005;0.9966;0.0000;0.0000;0.0000;0.0055;-0.0220;115.9167;0.0000;0;0;0;0.00000;0.00000;0.00000;0.00000 
['0x50'];57185.793;0.0054;0.0044;0.9980;0.0000;0.0000;0.0000;0.0000;-0.0220;115.9827;0.0000;0;0;0;0.00000;0.00000;0.00000;0.00000 
['0x50'];57185.834;0.0020;0.0020;0.9980;0.0000;0.0000;0.0000;0.0000;-0.0220;116.0321;0.0000;0;0;0;0.00000;0.00000;0.00000;0.00000 
['0x50'];57185.959;-0.0015;-0.0034;1.0020;0.0000;0.0000;0.0000;0.0000;-0.0220;116.0541;0.0000;0;0;0;0.00000;0.00000;0.00000;0.00000 
['0x50'];57186.031;-0.0039;-0.0098;1.0044;0.0000;0.0000;0.0000;0.0000;-0.0220;116.0486;0.0000;0;0;0;0.00000;0.00000;0.00000;0.00000 
['0x50'];57186.13;0.0005;-0.0020;0.9922;0.0000;0.0000;0.0000;0.0000;-0.0275;116.0266;0.0000;0;0;0;0.00000;0.00000;0.00000;0.00000 
['0x50'];57186.229;0.0010;0.0020;0.9971;0.0000;0.0000;0.0000;0.0000;-0.0220;115.9991;0.0000;0;0;0;0.00000;0.00000;0.00000;0.00000 
['0x50'];57186.358;0.0005;0.0015;0.9971;0.0000;0.0000;0.0000;0.0000;-0.0220;115.9552;0.0000;0;0;0;0.00000;0.00000;0.00000;0.00000 
['0x50'];57186.426;-0.0005;-0.0039;1.0024;0.0000;0.0000;0.0000;0.0000;-0.0220;115.8838;0.0000;0;0;0;0.00000;0.00000;0.00000;0.00000 
['0x50'];57186.529;0.0005;-0.0005;0.9961;0.0000;0.0000;0.0000;-0.0055;-0.0275;115.8014;0.0000;0;0;0;0.00000;0.00000;0.00000;0.00000 
['0x50'];57186.624;0.0010;-0.0010;0.9990;0.0000;0.0000;0.0000;-0.0055;-0.0275;115.7080;0.0000;0;0;0;0.00000;0.00000;0.00000;0.00000 
['0x50'];57186.807;0.0000;-0.0029;0.9985;0.0000;0.0000;0.0000;-0.0110;-0.0275;115.6146;0.0000;0;0;0;0.00000;0.00000;0.00000;0.00000 
['0x50'];57186.821;0.0010;0.0000;1.0029;0.0000;0.0000;0.0000;-0.0110;-0.0220;115.5103;0.0000;0;0;0;0.00000;0.00000;0.00000;0.00000 
['0x50'];57186.919;0.0000;-0.0024;0.9941;0.0000;0.0000;0.0000;-0.0110;-0.0220;115.3949;0.0000;0;0;0;0.00000;0.00000;0.00000;0.00000 
['0x50'];57187.021;0.0000;-0.0015;1.0039;0.0000;0.0000;0.0000;-0.0110;-0.0220;115.2686;0.0000;0;0;0;0.00000;0.00000;0.00000;0.00000 
['0x50'];57187.117;0.0010;0.0000;0.9961;0.0000;0.0000;0.0000;-0.0165;-0.0220;115.1202;0.0000;0;0;0;0.00000;0.00000;0.00000;0.00000 
['0x50'];57187.219;-0.0010;-0.0034;1.0044;0.0000;0.0000;0.0000;-0.0165;-0.0220;114.9500;0.0000;0;0;0;0.00000;0.00000;0.00000;0.00000 
['0x50'];57187.315;0.0000;-0.0020;0.9961;0.0000;0.0000;0.0000;-0.0165;-0.0220;114.7357;0.0000;0;0;0;0.00000;0.00000;0.00000;0.00000 
['0x50'];57187.435;-0.0005;-0.0044;1.0029;0.0000;0.0000;0.0000;-0.0165;-0.0220;114.4885;0.0000;0;0;0;0.00000;0.00000;0.00000;0.00000 
['0x50'];57187.577;0.0005;0.0000;1.0039;0.0000;0.0000;0.0000;-0.0220;-0.0220;114.2249;0.0000;0;0;0;0.00000;0.00000;0.00000;0.00000 
['0x50'];57187.62;-0.0020;-0.0029;0.9937;0.0000;0.0000;0.0000;-0.0220;-0.0165;113.9392;0.0000;0;0;0;0.00000;0.00000;0.00000;0.00000 
['0x50'];57187.808;-0.0005;-0.0029;1.0044;0.0000;0.0000;0.0000;-0.0275;-0.0165;113.6536;0.0000;0;0;0;0.00000;0.00000;0.00000;0.00000 
['0x50'];57187.809;-0.0010;0.0000;0.9990;0.0000;0.0000;0.0000;-0.0220;-0.0165;113.3514;0.0000;0;0;0;0.00000;0.00000;0.00000;0.00000 
['0x50'];57187.908;-0.0015;0.0020;1.0034;0.0000;0.0000;0.0000;-0.0220;-0.0165;113.0548;0.0000;0;0;0;0.00000;0.00000;0.00000;0.00000 
['0x50'];57188.011;-0.0005;-0.0010;0.9946;0.0000;0.0000;0.0000;-0.0220;-0.0165;112.7527;0.0000;0;0;0;0.00000;0.00000;0.00000;0.00000 
['0x50'];57188.107;0.0010;0.0005;1.0024;0.0000;0.0000;0.0000;-0.0220;-0.0165;112.4451;0.0000;0;0;0;0.00000;0.00000;0.00000;0.00000 
['0x50'];57188.234;0.0020;0.0010;0.9985;0.0000;0.0000;0.0000;-0.0220;-0.0165;112.1375;0.0000;0;0;0;0.00000;0.00000;0.00000;0.00000 
['0x50'];57188.304;0.0000;0.0024;1.0000;0.0000;0.0000;0.0000;-0.0275;-0.0110;111.8298;0.0000;0;0;0;0.00000;0.00000;0.00000;0.00000 
['0x50'];57188.431;0.0010;0.0039;1.0010;0.0000;0.0000;0.0000;-0.0220;-0.0165;111.5057;0.0000;0;0;0;0.00000;0.00000;0.00000;0.00000 
['0x50'];57188.59;0.0024;0.0039;0.9995;0.0000;0.0000;0.0000;-0.0110;-0.0165;111.1871;0.0000;0;0;0;0.00000;0.00000;0.00000;0.00000 
['0x50'];57188.6;-0.0005;-0.0171;1.0015;0.0000;0.0000;0.0000;-0.0165;-0.0165;110.8740;0.0000;0;0;0;0.00000;0.00000;0.00000;0.00000 
['0x50'];57188.699;0.0044;0.0020;1.0073;0.0000;0.0000;0.0000;-0.0439;-0.0055;110.5939;0.0000;0;0;0;0.00000;0.00000;0.00000;0.00000 
['0x50'];57188.809;0.0000;0.0020;0.9990;0.0000;0.0000;0.0000;-0.0385;-0.0055;110.2863;0.0000;0;0;0;0.00000;0.00000;0.00000;0.00000 
['0x50'];57188.896;-0.0015;0.0015;1.0010;0.0000;0.0000;0.0000;-0.0165;-0.0110;109.9896;0.0000;0;0;0;0.00000;0.00000;0.00000;0.00000 
['0x50'];57188.996;0.0000;0.0000;0.9995;0.0000;0.0000;0.0000;-0.0055;-0.0165;109.7205;0.0000;0;0;0;0.00000;0.00000;0.00000;0.00000 
['0x50'];57189.095;0.0010;0.0005;0.9995;0.0610;0.0000;-0.0610;-0.0439;-0.0055;109.5007;0.0000;0;0;0;0.00000;0.00000;0.00000;0.00000 
['0x50'];57189.195;0.0020;0.0063;1.0039;0.0000;0.0000;0.0000;-0.0330;-0.0110;109.2535;0.0000;0;0;0;0.00000;0.00000;0.00000;0.00000 
['0x50'];57189.293;-0.0010;-0.0029;1.0034;0.1221;0.0000;0.0000;-0.0165;-0.0110;109.0393;0.0000;0;0;0;0.00000;0.00000;0.00000;0.00000 
['0x50'];57189.416;0.0005;0.0068;0.9951;0.0000;0.0000;0.0000;-0.0330;-0.0055;108.8800;0.0000;0;0;0;0.00000;0.00000;0.00000;0.00000 
['0x50'];57189.49;0.0000;-0.0010;0.9941;0.0000;0.0000;0.0000;-0.0220;-0.0110;108.7262;0.0000;0;0;0;0.00000;0.00000;0.00000;0.00000 
['0x50'];57189.619;0.0010;-0.0005;1.0088;0.0000;0.0000;0.0000;-0.0275;-0.0055;108.6108;0.0000;0;0;0;0.00000;0.00000;0.00000;0.00000 
['0x50'];57189.688;-0.0005;-0.0029;0.9995;0.0000;0.0000;0.0000;-0.0165;-0.0110;108.5120;0.0000;0;0;0;0.00000;0.00000;0.00000;0.00000 
['0x50'];57189.819;0.0005;0.0024;1.0020;0.0000;0.0000;0.0000;-0.0220;-0.0055;108.4515;0.0000;0;0;0;0.00000;0.00000;0.00000;0.00000 
['0x50'];57189.886;-0.0015;0.0000;0.9932;0.0000;0.0000;0.0000;-0.0110;-0.0110;108.4021;0.0000;0;0;0;0.00000;0.00000;0.00000;0.00000 
['0x50'];57190.01;0.0000;0.0000;1.0015;0.0000;0.0000;0.0000;-0.0165;-0.0055;108.3911;0.0000;0;0;0;0.00000;0.00000;0.00000;0.00000 
['0x50'];57190.084;0.0005;0.0029;0.9868;0.0000;0.0000;0.0000;-0.0110;-0.0055;108.3966;0.0000;0;0;0;0.00000;0.00000;0.00000;0.00000 
['0x50'];57190.182;-0.0010;0.0000;0.9751;0.0000;0.0000;0.0000;-0.0110;-0.0055;108.4241;0.0000;0;0;0;0.00000;0.00000;0.00000;0.00000 
['0x50'];57190.289;0.0000;0.0010;0.9663;0.0000;0.0000;0.0000;0.0000;-0.0110;108.4735;0.0000;0;0;0;0.00000;0.00000;0.00000;0.00000 
['0x50'];57190.38;-0.0044;-0.0015;0.9536;0.0000;0.0000;0.0000;0.0000;-0.0110;108.5394;0.0000;0;0;0;0.00000;0.00000;0.00000;0.00000 
['0x50'];57190.479;0.0000;0.0029;0.9463;0.0000;0.0000;0.0000;0.0000;-0.0110;108.6218;0.0000;0;0;0;0.00000;0.00000;0.00000;0.00000 
['0x50'];57190.631;-0.0029;0.0000;0.9341;0.0000;0.0000;0.0000;0.0000;-0.0165;108.7207;0.0000;0;0;0;0.00000;0.00000;0.00000;0.00000 
['0x50'];57190.677;0.0029;0.0068;0.9263;0.0000;0.0000;0.0000;0.0055;-0.0110;108.8306;0.0000;0;0;0;0.00000;0.00000;0.00000;0.00000 
['0x50'];57190.776;-0.0039;-0.0098;0.9292;0.0000;0.0000;0.0000;0.0055;-0.0110;108.9569;0.0000;0;0;0;0.00000;0.00000;0.00000;0.00000 
['0x50'];57190.903;0.0024;0.0068;0.9282;0.0000;0.0000;0.0000;0.0000;-0.0110;109.0997;0.0000;0;0;0;0.00000;0.00000;0.00000;0.00000 
['0x50'];57191.018;0.0015;-0.0034;0.9341;0.0000;0.0000;0.0000;0.0055;-0.0165;109.2426;0.0000;0;0;0;0.00000;0.00000;0.00000;0.00000 
['0x50'];57191.072;0.0000;0.0015;0.9209;0.0000;0.0000;0.0000;0.0055;-0.0110;109.3909;0.0000;0;0;0;0.00000;0.00000;0.00000;0.00000 
['0x50'];57191.171;0.0015;0.0024;0.9316;0.0000;0.0000;0.0000;0.0110;-0.0165;109.5392;0.0000;0;0;0;0.00000;0.00000;0.00000;0.00000 
['0x50'];57191.298;0.0010;0.0000;0.9302;0.0000;0.0000;0.0000;0.0110;-0.0165;109.6930;0.0000;0;0;0;0.00000;0.00000;0.00000;0.00000 
['0x50'];57191.369;0.0000;0.0039;0.9414;0.0000;0.0000;0.0000;0.0110;-0.0165;109.8413;0.0000;0;0;0;0.00000;0.00000;0.00000;0.00000 
['0x50'];57191.484;0.0000;0.0000;0.9478;0.0000;0.0000;0.0000;0.0110;-0.0165;109.9951;0.0000;0;0;0;0.00000;0.00000;0.00000;0.00000 
['0x50'];57191.566;0.0000;0.0020;0.9512;0.0000;0.0000;0.0000;0.0110;-0.0165;110.1379;0.0000;0;0;0;0.00000;0.00000;0.00000;0.00000 
['0x50'];57191.682;0.0000;0.0000;0.9727;0.0000;0.0000;0.0000;0.0165;-0.0165;110.2753;0.0000;0;0;0;0.00000;0.00000;0.00000;0.00000 
['0x50'];57191.764;0.0024;0.0029;0.9727;0.0000;0.0000;0.0000;0.0165;-0.0165;110.4071;0.0000;0;0;0;0.00000;0.00000;0.00000;0.00000 
['0x50'];57191.907;0.0000;0.0005;0.9863;0.0000;0.0000;0.0000;0.0165;-0.0165;110.5389;0.0000;0;0;0;0.00000;0.00000;0.00000;0.00000 
['0x50'];57191.962;0.0005;0.0000;1.0024;0.0000;0.0000;0.0000;0.0165;-0.0165;110.6598;0.0000;0;0;0;0.00000;0.00000;0.00000;0.00000 
['0x50'];57192.062;-0.0015;-0.0005;0.9961;0.0000;0.0000;0.0000;0.0165;-0.0165;110.7806;0.0000;0;0;0;0.00000;0.00000;0.00000;0.00000 
['0x50'];57192.16;0.0005;0.0015;1.0024;0.0000;0.0000;0.0000;0.0165;-0.0165;110.8850;0.0000;0;0;0;0.00000;0.00000;0.00000;0.00000 
['0x50'];57192.328;0.0005;0.0010;0.9951;0.0000;0.0000;0.0000;0.0165;-0.0165;110.9894;0.0000;0;0;0;0.00000;0.00000;0.00000;0.00000 
['0x50'];57192.361;-0.0005;0.0005;1.0015;0.0000;0.0000;0.0000;0.0165;-0.0165;111.0883;0.0000;0;0;0;0.00000;0.00000;0.00000;0.00000 
['0x50'];57192.461;0.0010;0.0000;1.0039;0.0000;0.0000;0.0000;0.0165;-0.0165;111.1761;0.0000;0;0;0;0.00000;0.00000;0.00000;0.00000 
['0x50'];57192.555;0.0000;-0.0005;0.9976;0.0000;0.0000;0.0000;0.0165;-0.0165;111.2640;0.0000;0;0;0;0.00000;0.00000;0.00000;0.00000 
['0x50'];57192.672;0.0000;0.0000;0.9990;0.0000;0.0000;0.0000;0.0165;-0.0165;111.3464;0.0000;0;0;0;0.00000;0.00000;0.00000;0.00000 
['0x50'];57192.752;0.0000;0.0000;1.0000;0.0000;0.0000;0.0000;0.0165;-0.0165;111.4233;0.0000;0;0;0;0.00000;0.00000;0.00000;0.00000 
['0x50'];57192.868;0.0010;0.0010;1.0010;0.0000;0.0000;0.0000;0.0165;-0.0165;111.4948;0.0000;0;0;0;0.00000;0.00000;0.00000;0.00000 
['0x50'];57192.95;0.0000;0.0005;1.0015;0.0000;0.0000;0.0000;0.0165;-0.0165;111.5662;0.0000;0;0;0;0.00000;0.00000;0.00000;0.00000 
['0x50'];57193.077;0.0005;0.0005;0.9951;0.0000;0.0000;0.0000;0.0165;-0.0165;111.6266;0.0000;0;0;0;0.00000;0.00000;0.00000;0.00000 
['0x50'];57193.148;-0.0005;0.0000;0.9995;0.0000;0.0000;0.0000;0.0165;-0.0165;111.6870;0.0000;0;0;0;0.00000;0.00000;0.00000;0.00000 
['0x50'];57193.267;0.0010;0.0000;1.0000;0.0000;0.0000;0.0000;0.0165;-0.0165;111.7419;0.0000;0;0;0;0.00000;0.00000;0.00000;0.00000 
['0x50'];57193.346;-0.0005;0.0010;1.0024;0.0000;0.0000;0.0000;0.0165;-0.0110;111.7969;0.0000;0;0;0;0.00000;0.00000;0.00000;0.00000 
['0x50'];57193.455;0.0005;0.0005;0.9961;0.0000;0.0000;0.0000;0.0165;-0.0110;111.8463;0.0000;0;0;0;0.00000;0.00000;0.00000;0.00000 
['0x50'];57193.543;0.0000;0.0000;0.9990;0.0000;0.0000;0.0000;0.0165;-0.0110;111.8958;0.0000;0;0;0;0.00000;0.00000;0.00000;0.00000 
['0x50'];57193.731;0.0010;0.0000;1.0020;0.0000;0.0000;0.0000;0.0165;-0.0110;111.9342;0.0000;0;0;0;0.00000;0.00000;0.00000;0.00000 
['0x50'];57193.741;0.0000;0.0000;0.9995;0.0000;0.0000;0.0000;0.0165;-0.0110;111.9727;0.0000;0;0;0;0.00000;0.00000;0.00000;0.00000 
['0x50'];57193.84;0.0005;0.0010;0.9985;0.0000;0.0000;0.0000;0.0165;-0.0110;112.0111;0.0000;0;0;0;0.00000;0.00000;0.00000;0.00000 
['0x50'];57193.938;0.0005;0.0005;0.9946;0.0000;0.0000;0.0000;0.0165;-0.0110;112.0496;0.0000;0;0;0;0.00000;0.00000;0.00000;0.00000 
['0x50'];57194.037;0.0005;0.0005;1.0039;0.0000;0.0000;0.0000;0.0165;-0.0110;112.0825;0.0000;0;0;0;0.00000;0.00000;0.00000;0.00000 
['0x50'];57194.136;0.0005;-0.0010;1.0049;0.0000;0.0000;0.0000;0.0110;-0.0110;112.1155;0.0000;0;0;0;0.00000;0.00000;0.00000;0.00000 
['0x50'];57194.235;0.0000;0.0005;0.9961;0.0000;0.0000;0.0000;0.0165;-0.0110;112.1429;0.0000;0;0;0;0.00000;0.00000;0.00000;0.00000 
['0x50'];57194.359;0.0000;0.0005;1.0005;0.0000;0.0000;0.0000;0.0110;-0.0110;112.1649;0.0000;0;0;0;0.00000;0.00000;0.00000;0.00000 
['0x50'];57194.499;0.0005;-0.0010;0.9980;0.0000;0.0000;0.0000;0.0110;-0.0110;112.1869;0.0000;0;0;0;0.00000;0.00000;0.00000;0.00000 
['0x50'];57194.531;0.0000;0.0005;1.0044;0.0000;0.0000;0.0000;0.0110;-0.0110;112.2089;0.0000;0;0;0;0.00000;0.00000;0.00000;0.00000 
['0x50'];57194.71;0.0020;0.0000;0.9917;0.0000;0.0000;0.0000;0.0110;-0.0110;112.2253;0.0000;0;0;0;0.00000;0.00000;0.00000;0.00000 
['0x50'];57194.728;0.0005;0.0015;0.9829;0.0000;0.0000;0.0000;0.0110;-0.0165;112.2418;0.0000;0;0;0;0.00000;0.00000;0.00000;0.00000 
['0x50'];57194.828;0.0000;0.0000;0.9761;0.0000;0.0000;0.0000;0.0110;-0.0165;112.2528;0.0000;0;0;0;0.00000;0.00000;0.00000;0.00000 
['0x50'];57194.926;0.0000;0.0010;0.9800;0.0000;0.0000;0.0000;0.0110;-0.0165;112.2638;0.0000;0;0;0;0.00000;0.00000;0.00000;0.00000 
['0x50'];57195.025;0.0010;0.0000;0.9893;0.0000;0.0000;0.0000;0.0110;-0.0165;112.2748;0.0000;0;0;0;0.00000;0.00000;0.00000;0.00000 
['0x50'];57195.129;0.0000;0.0000;0.9980;0.0000;0.0000;0.0000;0.0110;-0.0165;112.2858;0.0000;0;0;0;0.00000;0.00000;0.00000;0.00000 
['0x50'];57195.223;0.0000;-0.0020;0.9995;0.0000;0.0000;0.0000;0.0110;-0.0165;112.2968;0.0000;0;0;0;0.00000;0.00000;0.00000;0.00000 
['0x50'];57195.336;0.0000;0.0000;0.9990;0.0000;0.0000;0.0000;0.0110;-0.0165;112.3022;0.0000;0;0;0;0.00000;0.00000;0.00000;0.00000 
['0x50'];57195.421;0.0000;0.0000;1.0005;0.0000;0.0000;0.0000;0.0110;-0.0165;112.3132;0.0000;0;0;0;0.00000;0.00000;0.00000;0.00000 
['0x50'];57195.541;0.0000;0.0010;1.0000;0.0000;0.0000;0.0000;0.0055;-0.0165;112.3187;0.0000;0;0;0;0.00000;0.00000;0.00000;0.00000 
['0x50'];57195.618;0.0000;0.0000;1.0000;0.0000;0.0000;0.0000;0.0055;-0.0165;112.3297;0.0000;0;0;0;0.00000;0.00000;0.00000;0.00000 
['0x50'];57195.756;0.0000;-0.0005;1.0000;0.0000;0.0000;0.0000;0.0055;-0.0110;112.3352;0.0000;0;0;0;0.00000;0.00000;0.00000;0.00000 
['0x50'];57195.816;0.0000;0.0005;1.0005;0.0000;0.0000;0.0000;0.0055;-0.0110;112.3462;0.0000;0;0;0;0.00000;0.00000;0.00000;0.00000 
['0x50'];57195.965;0.0005;0.0000;1.0000;0.0000;0.0000;0.0000;0.0055;-0.0110;112.3517;0.0000;0;0;0;0.00000;0.00000;0.00000;0.00000 
['0x50'];57196.014;0.0000;-0.0010;1.0005;0.0000;0.0000;0.0000;0.0055;-0.0110;112.3572;0.0000;0;0;0;0.00000;0.00000;0.00000;0.00000 
['0x50'];57196.113;0.0000;-0.0005;0.9995;0.0000;0.0000;0.0000;0.0055;-0.0110;112.3682;0.0000;0;0;0;0.00000;0.00000;0.00000;0.00000 
['0x50'];57196.211;0.0005;0.0005;1.0005;0.0000;0.0000;0.0000;0.0055;-0.0110;112.3682;0.0000;0;0;0;0.00000;0.00000;0.00000;0.00000 
['0x50'];57196.354;0.0000;0.0000;0.9980;0.0000;0.0000;0.0000;0.0055;-0.0110;112.3737;0.0000;0;0;0;0.00000;0.00000;0.00000;0.00000 
['0x50'];57196.409;0.0000;0.0000;0.9995;0.0000;0.0000;0.0000;0.0055;-0.0110;112.3792;0.0000;0;0;0;0.00000;0.00000;0.00000;0.00000 
['0x50'];57196.564;0.0000;0.0005;1.0000;0.0000;0.0000;0.0000;0.0055;-0.0110;112.3792;0.0000;0;0;0;0.00000;0.00000;0.00000;0.00000 
['0x50'];57196.607;0.0000;0.0000;0.9995;0.0000;0.0000;0.0000;0.0055;-0.0110;112.3846;0.0000;0;0;0;0.00000;0.00000;0.00000;0.00000 
['0x50'];57196.757;-0.0005;-0.0005;0.9990;0.0000;0.0000;0.0000;0.0055;-0.0110;112.3901;0.0000;0;0;0;0.00000;0.00000;0.00000;0.00000 
['0x50'];57196.804;-0.0005;0.0000;1.0010;0.0000;0.0000;0.0000;0.0055;-0.0110;112.3901;0.0000;0;0;0;0.00000;0.00000;0.00000;0.00000 
['0x50'];57196.977;0.0000;0.0000;0.9995;0.0000;0.0000;0.0000;0.0055;-0.0110;112.3901;0.0000;0;0;0;0.00000;0.00000;0.00000;0.00000 
['0x50'];57197.002;0.0020;0.0005;1.0000;0.0000;0.0000;0.0000;0.0055;-0.0110;112.3901;0.0000;0;0;0;0.00000;0.00000;0.00000;0.00000 
['0x50'];57197.117;0.0000;0.0000;0.9980;0.0000;0.0000;0.0000;0.0055;-0.0110;112.3901;0.0000;0;0;0;0.00000;0.00000;0.00000;0.00000 
['0x50'];57197.2;-0.0034;-0.0010;1.0005;0.0000;0.0000;0.0000;0.0055;-0.0110;112.3956;0.0000;0;0;0;0.00000;0.00000;0.00000;0.00000 
['0x50'];57197.309;0.0000;-0.0005;0.9990;0.0000;0.0000;0.0000;0.0055;-0.0110;112.4011;0.0000;0;0;0;0.00000;0.00000;0.00000;0.00000 
['0x50'];57197.398;-0.0020;-0.0020;1.0015;0.0000;0.0000;0.0000;0.0055;-0.0110;112.4066;0.0000;0;0;0;0.00000;0.00000;0.00000;0.00000 
['0x50'];57197.575;-0.0029;-0.0039;0.9961;0.0000;0.0000;0.0000;0.0055;-0.0110;112.4176;0.0000;0;0;0;0.00000;0.00000;0.00000;0.00000 
['0x50'];57197.596;0.0005;-0.0024;1.0010;0.0000;0.0000;0.0000;0.0055;-0.0110;112.4231;0.0000;0;0;0;0.00000;0.00000;0.00000;0.00000 
['0x50'];57197.777;-0.0024;-0.0005;1.0000;0.0000;0.0000;0.0000;0.0055;-0.0110;112.4286;0.0000;0;0;0;0.00000;0.00000;0.00000;0.00000 
['0x50'];57197.793;-0.0029;-0.0049;0.9995;0.0000;0.0000;0.0000;0.0055;-0.0110;112.4396;0.0000;0;0;0;0.00000;0.00000;0.00000;0.00000 
['0x50'];57197.892;-0.0044;-0.0005;0.9971;0.0000;0.0000;0.0000;0.0055;-0.0110;112.4561;0.0000;0;0;0;0.00000;0.00000;0.00000;0.00000 
['0x50'];57198.0;0.0034;0.0049;0.9976;0.0000;0.0000;0.0000;0.0055;-0.0110;112.4725;0.0000;0;0;0;0.00000;0.00000;0.00000;0.00000 
['0x50'];57198.09;0.0020;0.0010;1.0015;0.0000;0.0000;0.0000;0.0055;-0.0110;112.4890;0.0000;0;0;0;0.00000;0.00000;0.00000;0.00000 
['0x50'];57198.199;-0.0005;-0.0010;1.0005;0.0000;0.0000;0.0000;0.0055;-0.0110;112.5165;0.0000;0;0;0;0.00000;0.00000;0.00000;0.00000 
['0x50'];57198.287;0.0010;0.0059;1.0005;0.0000;0.0000;0.0000;0.0055;-0.0055;112.5385;0.0000;0;0;0;0.00000;0.00000;0.00000;0.00000 
['0x50'];57198.41;0.0039;0.0034;1.0000;0.0000;0.0000;0.0000;0.0055;-0.0110;112.5659;0.0000;0;0;0;0.00000;0.00000;0.00000;0.00000 
['0x50'];57198.538;0.0024;0.0015;1.0000;0.0000;0.0000;0.0000;0.0055;-0.0110;112.5879;0.0000;0;0;0;0.00000;0.00000;0.00000;0.00000 
['0x50'];57198.584;0.0000;0.0000;1.0005;0.0000;0.0000;0.0000;0.0055;-0.0110;112.6154;0.0000;0;0;0;0.00000;0.00000;0.00000;0.00000 
['0x50'];57198.683;-0.0020;-0.0049;1.0010;0.0000;0.0000;0.0000;0.0055;-0.0110;112.6373;0.0000;0;0;0;0.00000;0.00000;0.00000;0.00000 
['0x50'];57198.819;-0.0015;0.0020;1.0005;0.0000;0.0000;0.0000;0.0055;-0.0110;112.6648;0.0000;0;0;0;0.00000;0.00000;0.00000;0.00000 
['0x50'];57198.882;0.0000;0.0024;1.0000;0.0000;0.0000;0.0000;0.0055;-0.0110;112.6868;0.0000;0;0;0;0.00000;0.00000;0.00000;0.00000 
['0x50'];57199.02;0.0000;0.0029;0.9980;0.0000;0.0000;0.0000;0.0055;-0.0110;112.7142;0.0000;0;0;0;0.00000;0.00000;0.00000;0.00000 
['0x50'];57199.167;0.0005;-0.0005;0.9995;0.0000;0.0000;0.0000;0.0055;-0.0110;112.7307;0.0000;0;0;0;0.00000;0.00000;0.00000;0.00000 
['0x50'];57199.178;0.0010;0.0010;0.9995;0.0000;0.0000;0.0000;0.0055;-0.0110;112.7527;0.0000;0;0;0;0.00000;0.00000;0.00000;0.00000 
['0x50'];57199.276;0.0010;-0.0005;1.0000;0.0000;0.0000;0.0000;0.0055;-0.0110;112.7747;0.0000;0;0;0;0.00000;0.00000;0.00000;0.00000 
['0x50'];57199.375;0.0015;0.0015;1.0000;0.0000;0.0000;0.0000;0.0055;-0.0110;112.7911;0.0000;0;0;0;0.00000;0.00000;0.00000;0.00000 
['0x50'];57199.474;0.0000;-0.0015;0.9995;0.0000;0.0000;0.0000;0.0000;-0.0110;112.8076;0.0000;0;0;0;0.00000;0.00000;0.00000;0.00000 
['0x50'];57199.592;0.0010;0.0010;1.0000;0.0000;0.0000;0.0000;0.0055;-0.0110;112.8241;0.0000;0;0;0;0.00000;0.00000;0.00000;0.00000 
['0x50'];57199.672;-0.0020;-0.0015;1.0000;0.0000;0.0000;0.0000;0.0000;-0.0055;112.8406;0.0000;0;0;0;0.00000;0.00000;0.00000;0.00000 
['0x50'];57199.771;0.0020;0.0020;0.9995;0.0000;0.0000;0.0000;0.0000;-0.0110;112.8571;0.0000;0;0;0;0.00000;0.00000;0.00000;0.00000 
['0x50'];57199.87;-0.0024;-0.0039;1.0000;0.0000;0.0000;0.0000;0.0000;-0.0055;112.8735;0.0000;0;0;0;0.00000;0.00000;0.00000;0.00000 
['0x50'];57199.979;0.0005;0.0015;0.9990;0.0000;0.0000;0.0000;0.0000;-0.0055;112.8900;0.0000;0;0;0;0.00000;0.00000;0.00000;0.00000 
['0x50'];57200.068;0.0000;-0.0015;0.9985;0.0000;0.0000;0.0000;0.0000;-0.0055;112.9010;0.0000;0;0;0;0.00000;0.00000;0.00000;0.00000 
['0x50'];57200.167;-0.0005;0.0000;0.9995;0.0000;0.0000;0.0000;0.0000;-0.0055;112.9065;0.0000;0;0;0;0.00000;0.00000;0.00000;0.00000 
['0x50'];57200.265;0.0000;-0.0005;1.0010;0.0000;0.0000;0.0000;0.0000;-0.0055;112.9175;0.0000;0;0;0;0.00000;0.00000;0.00000;0.00000 
['0x50'];57200.368;0.0000;0.0034;0.9990;0.0000;0.0000;0.0000;0.0000;-0.0055;112.9285;0.0000;0;0;0;0.00000;0.00000;0.00000;0.00000 
['0x50'];57200.463;0.0000;0.0005;0.9995;0.0000;0.0000;0.0000;0.0000;-0.0055;112.9395;0.0000;0;0;0;0.00000;0.00000;0.00000;0.00000 
['0x50'];57200.562;-0.0005;0.0000;0.9995;0.0000;0.0000;0.0000;0.0000;-0.0055;112.9504;0.0000;0;0;0;0.00000;0.00000;0.00000;0.00000 
['0x50'];57200.66;-0.0010;0.0000;1.0005;0.0000;0.0000;0.0000;0.0000;-0.0055;112.9614;0.0000;0;0;0;0.00000;0.00000;0.00000;0.00000 
['0x50'];57200.775;0.0005;-0.0005;1.0000;0.0000;0.0000;0.0000;0.0000;-0.0055;112.9669;0.0000;0;0;0;0.00000;0.00000;0.00000;0.00000 
['0x50'];57200.858;-0.0010;0.0000;1.0000;0.0000;0.0000;0.0000;0.0000;-0.0055;112.9779;0.0000;0;0;0;0.00000;0.00000;0.00000;0.00000 
['0x50'];57200.956;-0.0005;0.0000;1.0015;0.0000;0.0000;0.0000;0.0000;-0.0055;112.9834;0.0000;0;0;0;0.00000;0.00000;0.00000;0.00000
